100
11788
92
45056 72617 84621 37836 4209 2942 20581 17399 2398 1164 94553 74997 48868 54927 19057 59890 89473 88982 37570 94053 10848 29189 87916 74716 99622 31767 15150 16832 76876 4628 78367 32176 25877 25814 27514 51999 48351 57699 43753 8233 3289 69896 16957 47647 8214 11408 86830 15254 76480 84578 26053 67544 21719 39012 36221 59631 52447 59365 34308 91484 77065 8846 97142 56801 63935 67227 5421 1309 44795 66589 61492 36278 57306 57185 58608 8680 33254 1639 81442 76762 18071 98068 21357 46186 86725 46594 23838 93011 6320 12465 77320 40631
96388
60
74934 37279 73158 52651 20226 69914 47917 11980 9233 4629 93704 44809 72619 68602 62 86597 96083 39733 26578 63019 95332 73429 7040 81887 960 6194 36257 13384 19115 57727 17958 25109 30747 52904 11384 10644 84112 76575 31832 35931 14552 47610 95149 27650 81813 78007 14244 92219 22024 48839 32192 60024 70885 33993 14848 19722 2004 38078 5750 22348
54238
55
54173 46870 24434 35262 27349 27299 86845 35841 71003 83055 41146 94176 52813 83751 56990 85941 14471 72346 56678 83842 65 25799 49140 36197 18023 71465 40112 47663 57568 17587 13842 93692 28595 97566 7492 14728 66539 25307 60829 74154 41684 62267 14139 89755 24692 26410 69879 12449 58648 98237 20450 14823 61808 50622 47781
76031
86
4653 43022 20616 98017 90118 26668 67185 88629 87282 99953 53288 46550 47468 81458 77531 89570 63776 34714 55529 60450 41629 70257 15168 8702 65273 5407 73503 83298 49497 41614 20445 69171 59189 69101 37600 44390 12007 19454 57729 76272 95570 17080 89379 28402 44814 89593 36814 96090 73309 39982 36676 98531 52251 45852 89892 63509 33246 84066 67228 37239 78312 53065 22436 99712 145 60006 80646 8104 35404 23453 85903 47248 8846 450 99964 98625 17070 15956 36860 41068 44043 57448 35118 34915 67055 38228
92979
103
84887 61690 92871 25584 28712 14499 28296 27803 27435 86247 13124 75100 94414 24451 25783 40688 93936 28189 52796 5548 47548 69370 49414 34593 9979 95647 98291 82909 63699 81481 61936 41267 73995 3515 65298 98794 33959 67925 21208 12238 5021 75022 51868 32339 97767 34503 94131 57158 77966 26148 99479 23621 82479 3841 83093 75764 62564 64324 82085 30070 76244 97204 78678 72578 57538 65501 2433 68056 12657 34441 61805 18571 79872 45903 46365 11281 57397 72701 50806 54210 44482 37901 41508 5565 30402 67759 9781 31142 9357 19467 7544 11868 87940 94766 80741 27473 30071 81406 21673 6341 95341 76978 36833
92636
69
55560 35986 49712 7775 3901 57028 49125 46934 51567 3377 96324 40307 40959 10524 99898 77466 21636 37335 59588 26958 46172 86882 18970 60219 1225 29165 8252 28565 49995 20717 70840 27787 54640 86775 38522 69496 54214 60573 96704 876 89164 77885 52314 68063 10341 6927 23157 57718 62847 75211 89479 50016 91897 65123 97980 87348 27193 62391 62811 79825 9444 94188 86213 41600 57566 12100 54115 21199 5554
34390
49
15814 23958 96965 4599 16033 77138 66383 2180 20284 82329 89618 34405 39044 77840 45781 16028 796 88987 34453 13828 13046 82714 25521 35298 6683 30260 3617 89294 73135 75053 34390 30373 19198 90232 2242 84378 17989 70627 61413 51803 35296 14330 89837 85824 87264 75155 43634 66819 11435
20234
71
29306 26127 88032 54998 80226 58346 57808 72583 75571 72087 54338 27731 44657 83477 64329 48322 78421 36337 95732 50562 85224 21798 77070 17583 90650 34945 66608 33064 56415 152 45852 60691 25357 88505 66020 12850 59824 59978 61538 31395 23367 80122 59266 39472 19322 63910 52531 47871 45556 20234 46465 59784 64176 79012 27058 46694 2210 79473 98381 62374 30937 39981 65360 67770 28771 13626 69663 25273 74378 96512 94483
45715
101
10616 18935 13690 49216 59462 82852 57229 96038 94841 12111 12342 95007 32097 26630 57303 77306 50739 44920 39309 64342 53677 28797 7624 2393 97649 95670 46229 51075 16324 17873 38958 27753 32895 53798 45608 96890 86046 83353 39974 29693 27146 39132 17387 48291 51192 72705 4492 34676 6643 23865 28363 67908 25435 29977 86199 80401 11565 72675 67462 35696 28760 76605 76576 5903 43322 25550 34735 80363 6880 24154 20450 42417 95767 33364 31955 93267 91871 8789 50811 42710 94928 8057 62045 97789 39142 15167 59449 28735 43279 84295 64522 32985 76033 23424 91393 61804 65123 67380 99907 13828 32933
84733
13
95969 46641 87985 26268 81987 92462 81995 28333 23037 22487 2746 23578 46867
8152
54
70168 97177 80200 72895 79900 46819 74559 77305 70718 12907 30837 45936 43108 41716 88747 39976 23335 62066 94620 34305 99071 23151 53108 19392 76548 27538 35218 36764 4194 16626 43039 71261 70135 92131 50946 70422 92909 13492 51264 70718 20606 70920 86841 48959 63285 78826 97481 62570 94404 49685 21941 95635 80586 60849
93679
35
73919 55684 91356 15837 7682 64159 93679 46536 3758 30157 66913 53696 42857 60860 37038 35275 18382 44993 31470 81249 80752 45820 26350 88632 18304 41352 4190 44564 48061 7548 8329 34653 13247 24659 96521
66997
134
45820 11665 45975 48892 76608 89358 65499 24813 99263 45241 70804 84063 71036 42580 33537 6890 26091 56770 3278 36583 73011 43508 82847 65139 38201 96812 58692 97749 9475 44347 76493 94933 16762 90660 12684 22866 33528 61115 88514 81146 50282 4764 42501 50840 27333 69926 70988 5654 26940 41990 57398 14575 15940 80998 27674 8467 81931 46092 45730 43640 84347 24904 61836 45951 26200 11270 94354 7122 17476 78511 97966 43124 7759 89562 64568 80497 93126 85185 51012 39958 40129 82582 32488 62027 135 1714 75273 47110 57934 83854 21110 36763 21443 97966 82611 70161 66672 87654 60720 73864 53409 31289 50880 15730 33162 70922 29275 55150 63222 5055 60789 99220 42916 2338 22700 57344 51088 8729 20013 31616 98472 26528 43669 73317 77349 69729 68825 2043 47724 73978 44768 18105 82255 48346
91478
38
8635 58882 97596 18173 49624 30184 77501 86459 36718 58150 64991 54594 78068 39406 91478 23120 35666 2394 47754 90812 15465 32273 74356 46005 36814 32646 43217 5551 98590 26652 90535 98113 35862 78178 34898 92664 6764 25054
58253
25
79917 90339 32986 49282 84363 11814 761 43094 62282 80128 6972 58937 75594 47520 32950 38156 51099 9300 41950 82803 28881 58253 80826 8610 95082
102601
64
25919 16534 26623 44553 8369 79128 58914 94731 45121 87472 76796 70350 87306 26292 73172 91825 76595 77773 14724 76585 22809 24011 83359 66182 63098 34262 7604 34826 83391 6053 72091 62573 50218 8479 26235 71887 56306 85393 39901 60253 25129 42348 47814 10769 62369 49135 75418 85682 4092 89268 48592 70658 43645 52097 80655 53360 97032 79401 95825 60272 40719 98162 2120 4978
6679
121
88488 84602 19973 55078 58574 91202 60492 44531 9368 94564 89471 7428 40840 97050 55495 92189 86595 85819 54374 74163 1324 93659 90934 25618 5057 81153 16966 52800 30584 59287 63564 61492 33470 30251 72552 36279 1478 2146 11084 80194 87624 29985 33934 82209 10203 87927 67794 6975 41815 63842 85687 64617 6679 4863 12971 25880 41590 54778 46947 8990 5635 76793 15297 87801 94480 69936 26079 15843 36213 62996 71921 92024 6818 31362 22407 83352 29892 43103 78843 93705 31246 76147 3432 16919 49466 38595 94484 90000 14718 19946 47954 16281 35691 95241 60415 30254 64304 25882 22528 52672 40096 64183 64377 6070 32817 29986 57701 68368 42852 76600 1811 10469 97071 77470 594 59028 37510 30088 79747 80098 96350
2331
70
183 74905 93520 16444 47716 68953 92363 78403 7170 58767 39130 56307 6864 77114 9850 2331 91317 9097 25024 2423 6234 75536 52121 56137 36440 96026 11591 79446 57186 14555 98636 6067 54595 79454 70461 69499 58617 72369 39217 75738 63780 37042 10310 2913 831 12162 80492 92467 58019 68440 74086 18956 32743 88115 58461 66312 32461 36535 1997 14413 77747 28158 57243 2969 39027 41186 71260 27618 28185 29629
63188
15
23639 80153 82039 91037 87512 85478 10158 68256 63188 85606 46221 79713 63801 78784 56045
35767
57
68634 24429 62099 34126 58454 23943 56128 93556 9298 91582 18047 27707 15767 19906 9074 56900 20805 31207 34092 41102 61856 82214 31303 55070 58364 21376 13076 2684 24333 73866 3232 5216 45248 9176 49206 14019 88125 13468 93025 88918 89367 53373 61724 35767 59677 4888 43353 12882 43396 34814 19011 16437 15362 15224 36441 36252 59520
47289
84
38068 59142 40876 52306 43106 93607 41337 96176 73526 3186 76699 49695 18248 47064 4765 30578 84754 89505 24769 74360 36908 93211 31832 29557 92529 48405 93787 96848 76307 30359 73024 48089 77135 2090 21898 43815 69921 30644 95565 54817 80603 3931 2099 67235 43712 45199 22789 73563 24016 66380 68847 32838 91446 9975 86497 60992 92823 27377 38827 9818 32808 91263 39934 31815 96991 29290 46408 72332 49623 20528 49741 92100 30013 47620 76708 38431 37403 53432 96059 61798 28407 81253 25894 13896
50369
59
82601 15582 52782 26349 18936 14981 37741 8618 62321 77024 61569 49015 85711 33275 90231 97954 48737 33432 37130 78626 36318 44737 41751 34303 18378 99178 80143 49283 44301 51073 21104 92345 69410 88440 67052 43227 54634 31586 85268 53666 28109 94998 65247 94573 19411 27146 43398 7161 85611 29699 42920 57330 78078 20993 57793 41145 39691 35529 80758
6979
64
73613 10165 36294 91590 44479 90488 54985 8460 27602 85554 3952 30115 83443 15643 57050 46724 82859 6210 80917 72636 3958 633 98725 68834 28901 29811 71023 78628 50050 74980 86288 31303 58312 98943 62386 59241 79789 27913 17049 43688 2690 48145 65825 78291 67355 98017 29688 55495 95715 58698 14228 28092 70572 6979 85355 25609 47907 54614 20178 41175 79917 26949 74203 95783
60207
82
62301 16994 40756 92132 93246 36854 87153 69389 80469 11747 43446 86212 15781 59788 27315 91612 61296 28494 4510 47260 63463 38827 16922 80145 40358 7491 48493 88552 15231 80514 25917 40812 74797 82473 65991 11965 23606 76734 24018 76939 32179 31838 92400 86711 30074 11296 26052 47488 41903 80317 76842 57857 4889 23686 76094 19167 69251 70485 3858 60207 89886 40649 5189 9888 84031 6011 92182 32180 82220 59704 10437 5934 42180 91690 90645 32763 18865 99697 50881 3877 5204 87352
80772
132
15538 8516 9420 16648 83896 60774 97665 2682 79572 75397 71676 52760 74321 48801 69745 95424 9376 18260 5386 61896 63463 4580 61419 32121 76229 43267 63068 18239 75166 31862 53853 93661 40643 47263 1657 19104 48790 32406 11954 57035 49717 43518 18707 53958 37409 72866 59386 25025 70832 19339 68413 3258 3273 78312 25798 42598 83746 37892 59083 2101 61484 5654 91051 84824 57536 7831 21695 18011 29246 5182 10152 10208 18972 31015 30712 56881 5045 67090 24671 39288 69296 95339 82240 40463 18002 93011 78218 46279 84602 98138 40306 84881 75904 85987 90351 70836 85464 41755 13599 76393 47829 72051 35015 98770 3978 76957 22077 56787 78614 10967 87129 96755 60438 49011 21252 80772 26155 13007 20003 12972 43661 22665 99877 42960 42406 6201 36855 96497 78921 83887 83310 87407
68632
128
77961 55028 94383 94162 80079 13632 85914 76799 59617 48556 79225 37846 21831 57332 47600 61695 80465 32873 67129 80455 86347 20656 71604 47159 49689 950 97848 47174 78768 35521 715 77215 73072 3850 86961 27901 33894 56728 47665 81233 39841 82622 81211 14022 24433 27768 66133 61081 51764 72271 87574 59588 23219 26068 38375 64455 98928 41284 10328 51573 90414 18041 71823 33111 40864 33069 7999 15659 3238 75618 26604 10923 1463 43628 92850 8530 78355 11632 76435 33659 28598 31644 67986 18756 84751 72232 79212 69867 36296 5057 81874 59588 88570 45689 22116 13002 98737 43320 57770 30889 62496 73679 47752 11611 38211 35517 48456 71067 16569 88732 75788 17087 95395 29089 9974 23356 41041 20739 38746 35567 86452 78690 39134 87903 33616 75592 8803 1207
90497
75
63767 15698 1491 39235 11244 64369 25827 48878 99076 4329 30156 57936 57431 13172 6603 39858 22477 88786 16346 84835 60972 79883 81584 15372 76859 40061 50365 98540 69845 92130 49368 23226 36591 38012 88928 29993 96760 1661 58731 35126 5848 74571 87326 52582 9696 83554 88150 91084 45300 12229 92382 56531 95664 99940 71522 93622 39876 21108 18806 44691 13039 88087 34469 55045 44464 1822 18252 15749 26938 1644 75658 65509 72859 68496 22615
58365
82
95081 30959 99921 14231 72681 77818 37770 53594 79973 63742 47896 86635 21743 22762 19932 71184 33855 4132 9438 4978 54505 97178 39674 58226 86733 41088 37031 37443 5799 59700 51444 37974 39879 8039 58366 27406 15350 76956 64843 39962 86982 64376 80228 75118 90028 32304 3926 52946 62571 26438 40525 57862 5434 65314 62766 9560 6195 96794 93439 69330 53357 52491 69520 69297 9438 77130 13716 49783 86058 91131 25676 58965 88410 66960 49900 50530 25275 8811 33539 71911 91633 19960
128753
60
81424 28918 6379 98897 23633 73168 49601 50707 54217 54854 12028 82026 1556 27310 49555 44002 63525 9419 47404 32450 69406 45372 49181 50026 83964 27296 20761 99463 61571 80432 9865 5451 77530 60656 24454 80263 31313 57512 59347 58567 67379 62044 8116 26701 85985 54342 95212 11392 20632 89838 88522 71049 89663 30214 83521 18896 54312 60499 3038 21344
90028
133
87484 89903 56369 45566 29064 56938 25836 59605 72912 58324 86590 64096 2798 25250 86690 93647 16384 8273 59396 17894 73967 67669 14892 18318 29545 64037 91260 57681 20455 69494 87734 84723 46360 36670 34600 37281 57307 73561 99310 60160 32749 64666 96155 22326 84892 8877 56802 73034 31271 85543 99911 11640 30780 41959 63887 33026 34032 98134 88544 79560 23420 63764 43819 45169 5601 10758 24096 1406 17615 30783 56234 85824 19321 32244 57397 54515 43599 66019 79245 10001 5371 39248 56644 69812 54366 41415 15372 73273 37606 13332 22510 88449 62346 25824 36399 73528 45437 95225 59254 79405 9311 57875 41491 4095 82429 22030 53889 99116 96855 17799 81431 39988 36247 10229 34932 11677 35217 90028 11067 42249 35555 49840 59263 45064 7738 53302 7944 8491 73140 77543 46045 47375 53197
73224
102
94029 6347 30607 47572 36980 85613 25586 20106 49618 15595 39316 23978 30849 40906 2259 55701 73586 47803 50659 56933 36891 2608 21492 49210 87346 52844 54543 74398 45117 2805 33161 36084 73427 10177 91208 11332 14707 33557 33876 31826 41159 9977 90263 58444 22291 98761 73224 27209 75538 68836 8011 19882 63942 91604 69472 84397 83187 13338 96426 43026 25595 47102 17140 71611 72196 13403 18666 32251 81361 22314 58964 65021 98489 8542 18967 30355 62891 34751 17302 50660 53881 76466 95824 18697 29597 11143 66313 31978 24704 72840 51013 66466 42379 22590 1929 91440 98810 97431 41913 24406 74548 81679
100825
90
52412 11363 43081 85772 84889 54084 88886 89640 63540 97918 74934 50102 53794 38860 92918 25970 45057 89261 22770 61252 65152 15132 22945 31024 20728 72172 68403 6344 99704 39969 31239 29556 16037 2288 73327 61237 99719 83158 23110 60668 55216 47021 9043 47784 3447 16473 21523 4624 8742 40164 94222 14741 44794 79077 7385 2508 73161 14148 71917 53815 38911 68408 85924 53486 770 40152 54659 38143 93513 47443 17973 79003 62331 73174 56542 89422 69341 5793 27593 60856 67974 24078 18278 44503 2618 4185 77317 11631 3728 89901
109734
109
82304 47718 30807 31611 32203 99615 84204 52940 28291 66954 61976 28108 77613 62243 16035 41829 79149 12644 62997 93975 26804 83725 14847 21628 62629 53959 86251 50732 97835 29816 88394 92225 92007 84400 9540 28460 30168 14960 82740 11180 71611 47752 32601 32168 36758 19824 23659 41425 43212 91165 43589 60538 4873 69017 96164 13821 91198 60185 20151 47240 30658 12411 14581 67394 34982 11656 36153 691 45146 8195 47533 47815 70281 89583 37103 73097 98293 91655 40988 23302 4149 4166 94478 80486 81583 25762 53779 47504 50400 21283 85613 49368 41916 22052 85168 37240 29061 17305 23626 18317 45907 35278 68662 58870 97040 47548 72564 15402 33710
67253
35
51138 81200 26715 67253 36085 45920 94104 15098 3020 37419 59517 45084 21442 7595 2267 82625 94835 8446 22269 72168 10927 54980 87853 32172 88418 61313 89911 33020 18939 19075 5826 26708 88001 69146 18955
33396
39
65604 57619 75912 29108 60744 88575 90804 45545 78163 75660 55854 53144 7551 15554 2965 66216 25071 3676 6262 94225 32732 11601 48930 664 24033 91420 88937 50096 99213 44781 84930 90274 86023 84083 74633 78710 24489 5641 27151
17975
70
9277 53478 82033 90945 35145 17853 76873 86674 47903 9241 70740 57020 81863 68798 23890 85447 49579 13070 8025 31695 2234 73879 3134 24556 23433 17975 29092 238 71937 25213 77598 68743 42572 18001 9604 71628 19262 3713 44516 78834 5717 31816 27345 83470 85599 69198 18573 90398 50675 52575 13656 42183 66494 6054 84611 62373 50993 32837 15903 18057 38846 77715 54241 32537 54395 75128 2864 4677 23557 53257
99208
97
58199 57057 54941 87175 17714 89963 79021 29544 56958 70961 25562 51989 78592 43275 91586 82472 12546 99736 45415 99625 99208 66070 44258 46474 43930 60306 55793 8681 13021 67799 34232 47912 28576 51989 14742 64676 391 54302 35586 84327 66309 82257 45415 69827 53964 20504 54060 55447 59648 79136 74799 15353 89703 30729 52155 47456 18041 7150 32599 14569 98667 62106 93255 2937 93273 62091 46512 57483 34149 36516 95202 81104 95101 44024 54862 52731 43449 20790 46679 8273 66947 68962 28983 23560 43065 52619 79420 80128 72130 45448 64602 12541 17981 22868 16436 14080 39634
173758
101
68948 9852 33359 44000 36510 62745 97446 11418 56263 59777 84901 26225 90109 86664 78339 61731 8200 85174 2655 98140 18587 17767 33420 14600 888 28841 93297 18694 86121 17614 54315 74546 29579 30458 80944 20810 92676 51993 97061 54457 61028 28919 74217 92512 63085 33160 98829 566 36870 49101 81607 44973 85840 25877 66261 45467 20719 54862 61407 13878 69776 48512 15491 47600 15332 96283 53139 72602 5922 20782 89622 27192 83376 52186 70691 15516 23884 41696 61221 36760 43071 83178 28325 34422 86440 96699 14299 60189 9087 94042 32137 90580 56395 20483 13330 58127 48209 72341 35189 54163 89930
36824
100
82775 68764 70098 74522 57475 76003 3959 42427 31514 53312 14196 97344 28234 50745 39018 40154 49613 71438 546 51913 78157 31645 86241 2819 54708 78965 17943 9975 36824 47104 1783 21984 71470 11482 19633 85539 42558 81935 69527 10943 65094 5822 48625 83128 78798 10576 46707 7803 19382 71169 6835 72636 14677 84996 75919 27436 73974 21236 43957 61332 9606 78778 29120 8838 78250 33717 75483 91558 17662 81669 45926 69648 30069 37279 80113 43002 37540 44632 37759 9936 5204 76186 38399 58697 16176 31137 36699 29619 86706 347 19207 45553 5479 67159 78863 57196 18443 59823 99937 47346
28193
54
5488 80217 21629 93348 81470 59862 30598 79730 50745 73370 94627 37936 62527 94287 62465 23975 11329 7005 38204 45610 52095 22417 58342 72460 51548 24671 34150 62106 30055 68889 40926 28193 33451 13305 73447 29238 97639 41719 40781 90440 83359 45395 82009 11709 35332 67125 38806 85998 11963 89479 86328 30543 71216 77158
82531
20
26894 55759 83743 9723 59962 1153 36121 29119 41836 827 76746 35553 4865 10432 19761 93534 53412 9504 39618 93050
101689
24
32129 91695 21179 29971 77314 27428 45584 27467 4258 1776 42908 15949 32472 82161 52268 72116 91298 37614 74222 55602 86593 98544 89552 75014
62392
67
89504 87971 27032 79190 94163 34335 37970 46195 80723 8239 81270 23042 11696 19669 75073 76407 36759 42783 58267 30669 27384 81342 79463 37669 13062 7695 12517 17491 32215 51193 26562 49194 40309 34566 83428 10834 40625 72957 27139 24134 64504 21391 83924 60759 49854 39789 49083 82532 52371 14062 69937 32620 15525 8772 40875 92601 62549 29524 66934 62348 15049 19299 21597 96861 65420 79841 95610
31977
13
78855 33313 91711 10325 49024 30427 35925 48554 31977 3781 68960 94858 97402
159090
116
4511 5745 16952 69547 91380 90710 48799 40793 66511 61895 1973 89709 29600 71759 92909 97460 25875 51639 91292 26704 64706 93348 2990 27206 11173 2269 27709 94829 10394 89391 79410 77708 12332 29575 44058 32855 74151 89048 76910 63875 75267 75140 12128 90649 91216 5068 37146 78965 36866 76732 59316 63310 50184 98768 21719 44009 9864 69301 2822 9896 81290 53274 74991 69327 48310 93641 70736 1950 45371 66839 18515 23009 43757 5379 39087 74602 91596 89409 30723 61290 93182 2191 28255 35771 11420 61746 30394 22651 69640 80532 73654 36633 82866 84718 53171 42837 85157 89683 24446 38115 4020 87959 91603 80863 59650 31667 93592 49562 98481 82041 82147 28283 67798 3853 68233 75764
70182
48
59239 14658 90544 70182 92503 98321 22811 11557 44696 4281 12675 38191 25806 45799 83492 17696 95245 1739 40171 55099 33621 12299 39622 33878 69562 88172 16185 76216 25231 19159 16792 8018 72713 22446 75765 33097 67156 90657 44254 14016 10030 54381 22378 25913 59286 61239 84233 65320
21346
138
92866 73 8289 14136 51958 57175 54444 45308 16528 8178 6434 88399 26450 75052 36804 31397 62395 46222 85446 4319 90728 44587 48120 85824 33691 25871 35081 27607 89945 84943 22287 42027 1381 24803 27865 93634 74904 83598 63685 30050 80251 72434 89530 18976 9336 83193 97760 40197 42209 73411 55015 5493 66564 52852 70701 81241 95072 51568 85306 4795 26748 67856 21149 26923 22192 56060 84351 9122 57404 87148 56390 22843 35267 96091 61113 44880 3116 94472 38047 67474 12352 15714 62050 4980 4131 29705 89020 12045 7530 97562 59380 67631 84569 89502 57385 88704 93343 99748 93363 86928 58754 16746 10659 64064 33986 13142 14445 37085 75429 78509 64874 89600 63962 91119 61809 21871 18114 11813 32169 56667 67978 3484 57193 74545 23249 38077 30282 50810 29809 47209 67037 12640 31197 22047 45842 46047 19497 62541
44859
14
6942 93482 49092 56248 94832 51825 23992 10366 92316 20867 35889 34819 66793 77079
20585
25
51301 17701 8464 42161 22722 89345 51366 84960 51488 12121 63892 85453 85535 45680 52286 84040 24314 64698 35419 58055 86225 58161 93277 31924 9888
122384
114
75224 41239 1292 19387 1844 82036 54818 12977 45856 63433 17578 80582 66571 68495 39278 79217 1404 11559 33753 34287 23366 83988 6026 91401 35568 69271 11520 27725 70933 95475 99430 18695 99825 83263 4025 24888 43193 37599 24122 26333 74241 23451 45108 32514 48068 33845 5522 38216 3428 76074 83086 3475 61242 67562 91562 527 11888 13373 31599 84966 40198 48597 39121 20258 62105 38697 97184 28745 56029 32974 43168 34899 37557 25205 5936 71559 16341 77729 35106 65200 19253 89565 17235 15681 47234 42867 30400 4942 24254 7270 38564 53254 43082 79220 48939 12582 6824 56074 99619 3799 66860 52033 72932 23153 76375 62815 37269 73220 83374 35816 50438 5593 36251 79651
165258
86
75785 31530 37773 52568 71119 33413 75886 66973 81776 86123 10967 20043 36448 71955 41254 80396 63515 81760 20509 91925 99403 28234 50798 81756 2051 51643 60487 17062 83808 29806 83582 83948 87955 91889 6926 27207 54938 18216 61548 47758 81453 61404 11364 23615 77150 24693 15751 24278 72707 6736 2930 20705 74214 68420 15330 77465 51803 40787 41297 95544 50316 42592 76092 67042 2916 32335 79135 46729 56125 64764 57826 76315 26092 44168 84315 69353 24237 18985 31437 72511 56532 1045 71213 19251 65183 28873
77463
20
25774 73331 24832 3394 64278 13951 36186 77931 51469 24378 74268 4132 80820 34677 22728 7329 37551 69107 96012 5797
73423
63
22678 98316 77991 85537 54901 47272 92285 64004 77319 46729 28081 74934 55050 32782 11642 68830 55301 21307 34187 26547 36889 71288 17016 49438 50540 69630 479 92163 27186 22906 38003 44195 33108 35515 69434 69222 29460 44916 66859 25753 65912 50683 78318 14689 22044 95330 89169 57660 13891 9398 41445 48206 3709 92867 59231 6841 98511 72447 58560 79924 98549 94388 48245
3426
135
80988 93728 56616 64581 81980 12504 79200 58456 20307 42247 43997 46627 56929 89522 2085 31682 93151 9839 87286 60811 42980 86147 55538 92542 82534 29619 6576 7198 96516 86330 91231 96382 51720 76916 56689 11052 21827 71162 16554 88112 96338 44277 11016 60373 77383 62471 84504 19806 96254 3426 80970 22948 69124 27677 68675 76176 92074 39987 57547 20982 12237 24088 39360 64271 69627 81407 7366 8484 16699 63375 17130 33726 54404 79574 65 62145 85271 4704 41631 2461 60256 83736 36701 97828 82015 75119 49307 49465 22344 64378 32913 85669 28503 40966 42576 17999 7226 98867 95707 40489 18525 92771 93083 90125 84562 6895 37726 15781 22700 17277 89036 37158 38271 81505 79112 58883 97513 38523 64424 78124 61053 48814 62450 82138 75087 4763 42411 25768 32417 31980 32439 83654 81010 24663 78160
96903
89
52700 21492 83441 88212 16985 56907 64658 34164 87261 56568 82784 56983 60764 1282 92191 18872 23443 27829 80741 71109 26787 98988 26605 94728 7726 50478 84523 91660 86449 94256 87593 67524 86217 435 69964 77676 99638 11454 2364 13639 89290 21445 83686 26913 84398 60909 70678 67836 79913 26758 75558 44075 59246 99768 47403 48003 80369 634 58972 65882 45086 29755 54588 75055 49273 98609 96132 26939 97378 50933 35538 91676 43641 84875 62231 76002 24049 67949 49955 81120 60562 54305 24366 18640 22712 84138 31267 6973 41610
120621
32
70544 9408 4198 524 9268 89975 35210 65019 86464 16666 68296 88565 13792 80259 44763 11466 76648 7608 38210 55602 26512 32484 5124 11573 85247 32408 85549 17145 98249 25196 61963 4588
38436
115
50136 73421 76827 87040 77031 45484 17867 47143 55112 66232 73112 34019 99920 47926 54435 42669 4337 41934 81965 49397 6751 80729 35478 36110 5037 11131 49567 39105 99628 88556 85315 2152 73393 18947 8247 56179 50916 17922 11677 59063 23151 41559 48229 9319 53260 52098 76039 61267 83324 75958 83199 48821 12983 90996 67980 88565 9963 85586 8641 41311 44781 31374 95049 62399 33180 52744 626 57565 32438 51664 63008 1462 99658 50364 78584 98075 80198 52519 9276 51749 20358 33359 22371 59553 15220 18193 57160 24488 15693 18605 47758 77011 63399 55654 60354 78846 28015 77183 58662 60811 96817 66794 51143 84760 40308 72538 56267 43365 58471 41475 31685 54200 38601 72219 97963
23619
137
22077 88126 54050 56081 6559 71248 22684 39669 19066 63296 66864 40497 25283 96208 28996 72763 64999 54117 71879 18512 93288 52770 33448 67818 41626 72506 5056 37369 4101 1904 43521 51847 83094 49717 96322 31161 36294 22816 74633 47361 89061 36830 48002 38823 86027 57622 18367 96436 79320 42275 65379 16106 33121 91117 16287 53379 34051 46160 64457 11382 70571 29556 98656 10674 32419 93330 48064 77021 71896 72067 10456 46789 72130 29038 52204 59038 98609 38665 99625 63937 85800 81641 58172 67356 46460 60533 88238 35317 95421 91727 84997 9399 82653 87472 33194 67521 77973 71767 52048 49777 76698 32366 97007 86027 11744 91649 71100 67132 16037 36012 74494 78673 97580 70377 62493 21909 5449 22541 35167 11088 88034 42408 83976 14717 95641 67037 11279 99681 41921 76148 56059 38305 21544 92038 74245 10904 37606
37684
133
72937 16989 91249 12720 84073 11486 29574 29759 51731 39417 35470 60640 80298 21884 18758 81443 67058 94592 62422 12320 56298 79313 39111 60830 12665 33703 43774 37285 11655 38452 17202 62769 19048 78467 77435 60777 14853 61125 52204 26935 64904 10107 34070 91907 48960 12512 44252 75095 9505 74772 81979 78722 94114 18261 59940 66969 57477 10670 32361 53971 41773 612 85477 6000 23589 9269 41907 56177 45295 76280 23489 79248 9231 28471 16132 38973 73676 65260 10334 60479 14849 269 15924 21818 25490 92095 85680 57075 97452 30054 10637 4778 94827 48371 50496 59403 1698 64022 38839 45191 49141 55804 76850 42482 63697 11008 96751 63334 64257 69488 7319 78597 24951 91248 85263 68470 50133 66088 4457 83675 16545 59329 59234 88158 24441 39379 19031 16556 60304 8949 3301 47954 93705
14499
88
67404 68955 11650 46426 52749 72753 123 72883 50087 60776 57500 24503 47765 48587 95631 27397 32202 73669 83067 995 82243 97934 52544 57205 65165 34528 92614 82768 78338 85001 96295 69418 97354 84828 51334 52424 20826 2840 86368 2831 2271 45747 88459 65657 23080 46815 71813 31915 54994 79944 30639 13221 35428 26703 63611 9497 19191 32266 75618 78132 52112 88726 55193 97566 6727 83761 96323 22396 96568 86191 49679 86857 43209 59596 52808 19738 90221 90119 96913 16939 11623 71658 89255 74612 15947 85490 15873 47856
69804
69
60867 18675 18757 58083 84954 936 43522 44691 58485 98602 25374 82918 24654 33948 2605 67939 939 87739 55923 96733 36538 78275 97409 29329 50659 64935 64830 25817 26538 12788 1297 35186 82554 72779 61315 83647 94913 76671 74075 41319 40305 69145 57148 65561 26468 29229 32613 56745 93183 4413 25781 87121 72534 30760 2524 14550 27469 79797 28412 30502 8861 85570 39878 3220 92561 24053 30647 93728 10360
43948
27
1689 19660 93550 99548 29332 50727 8039 87041 38897 5653 50793 68296 80519 47554 21671 85541 32655 41078 65223 56236 34369 88782 66913 98961 21419 72715 52442
14134
47
69036 21738 29008 63247 27803 11179 8185 2301 71432 96678 15933 71738 23529 95658 66390 27724 67724 66729 68184 38614 98210 95883 92303 29430 94452 11933 78988 74757 80684 56664 85305 37237 50255 19396 38491 87642 71019 85217 35913 13089 42177 9941 14273 25082 13666 80270 62906
108803
108
91411 57363 28873 56404 47349 69600 89841 2677 87651 85115 68099 28766 96168 18904 65199 28111 34505 40276 41000 64556 59454 99814 24631 18452 4983 62677 75517 61342 39348 98525 41820 21351 49496 70978 96630 97439 62037 81556 9066 45080 50142 36107 63456 25937 21199 62365 25029 49470 85370 56826 98336 81672 93964 86078 59003 33884 28281 73372 22528 94793 80352 8014 12304 58214 34421 64005 49827 49711 60441 25560 66580 45454 20490 78722 33913 37738 58132 31849 31987 86059 20153 84363 19332 73524 83139 8506 88361 55454 19741 5084 22528 32615 49356 82336 97147 61142 25553 79709 46030 23370 52436 69308 91043 12635 38999 35587 95004 42474
97663
63
6706 8612 44936 20429 95272 51144 73007 20084 3118 36232 58816 99095 77687 83623 79514 20324 10079 5129 43133 36480 16079 86519 33794 19670 77116 79547 60510 19037 37801 33944 81707 88840 74772 16663 55235 39439 96809 73483 30960 28248 48204 47625 20242 32591 3637 7386 52098 79603 78489 60457 44249 15109 16015 67266 69415 47756 24180 21860 46765 92012 55225 25090 86424
8787
115
20080 92043 69864 11137 69295 44470 47433 6770 26450 69083 32657 5901 67632 42428 42022 13301 5452 61464 10248 9812 51023 96982 6551 8787 62082 39242 90865 36864 22719 30621 96794 1159 44012 52372 13294 18289 13415 95658 87746 81467 83800 99866 88513 63926 61646 75113 55193 35561 11325 42392 47748 58550 77205 27687 21170 65329 59055 85126 66885 8931 34977 3240 56625 17270 10523 70524 53477 60159 71241 52116 96959 82843 9899 34180 1203 84198 95365 7059 50116 67443 1697 38681 32535 60179 55507 73468 63284 18863 35468 70496 1508 90884 37417 43477 28179 86419 27851 26296 52286 84472 10436 77077 82264 66339 84511 42658 7255 6190 56552 45584 88255 80433 87390 43743 31088
81085
65
34844 48213 49689 31081 26298 78416 35032 29776 69681 600 15824 4247 65890 31391 36342 90690 47168 12158 44656 71738 80559 32250 70782 42464 33057 62685 18802 26025 28867 57743 75281 49694 7065 16509 15519 49191 29916 52069 85600 13804 95287 33528 30697 90128 66024 29554 38361 19396 93762 31963 98640 91810 37713 7120 16202 96090 53243 69896 11870 87176 14638 45441 33432 57944 80248
139683
58
43211 56383 62498 4758 22771 17860 65461 90519 31421 64039 17274 34301 27714 6917 46576 3681 45737 95014 30967 60304 95914 4412 71027 83893 90944 79379 51534 32383 95098 77284 33234 42991 3992 79074 21684 72288 73240 7080 91854 93793 94858 74009 43646 87863 89911 94946 33446 17113 20746 95094 36919 96388 67048 52215 79855 79195 41751 60028
37415
92
87102 68516 37153 81860 79149 42940 89102 22739 8880 78110 78467 15724 51961 57010 61484 33353 50275 56411 27879 63619 2525 26325 97367 13955 94782 7968 15384 21163 55357 64022 42956 24403 32510 84175 45337 41600 4039 28109 53062 7400 12901 45445 69657 30662 65724 62741 74636 33113 92631 41268 31007 4137 6191 37965 98859 4483 45917 84724 66275 96233 64753 26742 88375 6929 11326 71733 36311 24720 78541 44690 24610 48295 36930 62169 87146 98837 11594 1071 68637 37872 75191 94812 4740 92364 41374 8162 77231 63516 89150 19558 33843 5158
64774
52
7432 70032 21878 87527 29851 49657 23386 38232 67913 44652 92885 42657 33919 94018 77408 23947 49158 2441 84133 7945 31556 22064 72021 32143 7032 85730 79511 25809 61736 12342 64767 71059 24272 86180 70092 90902 53147 21096 37216 13368 77159 95475 58672 15616 3295 26267 80333 80135 76554 33616 46363 85144
147818
105
30535 22650 23810 63666 92617 31469 53756 60857 95314 92062 57929 23971 90820 44364 49745 33248 89771 78150 63961 38192 74196 31895 24377 49153 31121 20031 94227 94062 37309 28960 9628 32309 91991 61517 41503 87045 87737 35115 65311 56926 84510 66445 60374 98306 73567 35658 87865 48980 67564 71325 71273 15373 52135 21236 13269 31126 86624 98191 80643 24750 57307 66016 25082 85197 46536 27870 70019 39482 13970 61065 9707 67760 8022 55268 76277 26331 21132 15324 33238 26341 10626 71161 67054 50838 23183 40513 5085 16327 503 71029 28400 58884 80523 76216 11727 95069 48533 38447 46588 81137 95429 12319 54522 1276 26623
51704
136
89360 52589 80081 52168 43670 7554 48382 44587 96608 90292 79162 65701 79388 24494 78909 63636 93272 63693 72092 85635 75344 7620 56611 54647 94765 58458 13039 60495 50287 40747 50285 51535 54170 20480 69050 60436 35501 11781 77123 83671 46761 27366 98204 70809 23474 43884 55331 29269 75741 98017 615 89833 79281 29217 41951 82053 86032 55808 5634 54390 37803 69303 95284 73662 16462 59778 70881 29135 97027 10595 86735 23089 99893 35218 91536 42653 88260 30797 75379 5532 21090 97414 54355 92188 5572 32254 64811 64712 51131 52434 78215 9884 78450 67782 32927 38185 77665 94921 68884 48207 12925 62133 61618 21185 65599 9693 60131 94832 87220 78166 59114 1588 74004 85575 71512 85268 35533 49612 48149 14635 64162 11551 67865 1231 83718 50867 88251 73392 18496 98052 73219 52747 9225 82449 90648 22942
74661
92
85980 99708 40215 82168 95004 37477 67890 97022 97057 29313 51850 5008 82645 95555 20633 1179 54893 45506 31878 31519 31836 67570 35760 21100 7676 30003 66257 51632 8453 46940 18436 31963 86025 88225 85916 56507 7463 21489 12289 91953 68861 17562 15774 40179 90270 49313 59268 48461 77017 2235 7791 17459 69481 88477 13343 60451 58000 92342 89916 2752 24127 46745 86045 16552 66647 79567 47950 43373 2109 99805 40964 67941 45967 86657 43659 77076 3237 59104 67092 98370 82780 46574 79423 36323 34961 63631 45133 15538 84547 96459 54078 53778
102107
134
5232 78340 90272 368 71606 97109 47867 32735 65872 24168 24349 67433 4703 18668 76889 79012 5922 39858 49218 64575 82103 15299 40741 73650 61909 36269 73158 38633 19404 26935 34306 48728 66050 16069 68096 80691 796 97993 55499 89472 10372 20479 99583 624 15696 94356 44495 55281 48134 734 43715 72274 42842 51308 19337 49680 50082 40809 51269 81628 78303 7472 79408 73446 69860 47795 51398 93717 92194 70379 99116 6654 8973 8920 75511 13540 60562 22191 53807 20389 28580 80878 31352 9358 99086 80701 31813 48239 13333 30100 91837 50621 93805 90426 77641 92731 38850 3075 95657 7322 88748 74769 33586 26755 77961 1251 52650 76463 88675 39663 68545 94858 62719 83809 39478 95301 42947 19421 79466 26951 71800 25139 44496 9701 58502 73845 88540 98509 57776 52042 24237 74641 20383 45143
96963
69
46452 23381 60274 77938 1721 73850 37217 82377 23723 60536 38478 94431 25060 12693 96963 91103 32544 26954 56410 28389 1613 56383 56686 66935 55266 65386 58503 88152 142 3473 33681 64808 92199 64105 9747 54630 1585 52820 11415 24257 66385 20886 53353 67797 90660 27782 65930 92520 16485 47703 80470 40796 20826 91648 95203 4000 53708 74101 88012 33801 15520 28782 88529 81072 88699 63958 54266 55512 61850
82399
124
69115 83828 91393 18263 57950 75396 91785 25321 26989 43331 54330 92843 63826 38826 6685 34464 37295 92804 98361 99894 82235 1057 67227 9180 96166 63749 17662 58630 52655 44511 36204 26572 91248 45681 40134 98336 23957 99886 43072 42388 47561 44222 60352 75989 81533 88770 52578 14870 64396 89484 80399 5322 42998 307 11483 65431 54437 46460 4519 6322 44678 72951 91479 87393 18630 48342 55759 44036 9043 42195 84992 72864 71468 61183 81313 16564 88211 59276 28314 16628 63561 17682 81271 10528 18926 93070 47973 38582 58376 57017 26559 34257 86646 29095 20380 92378 23432 40691 48549 71972 37005 94797 22384 19938 55001 99465 3597 46179 71871 54237 82291 36187 23804 30619 26380 8869 2673 3297 50654 48710 9617 34558 79894 17805
41277
77
74625 29811 42285 73551 68708 75926 51482 26512 57960 8150 1980 2045 96706 49233 73461 39232 96102 98585 18226 21566 51641 66866 74700 68284 79399 48244 87005 67601 92978 30222 56744 18864 51646 28911 33296 13844 3348 88916 78519 83324 28765 47242 52003 47574 78535 69395 77172 7484 20590 23938 17727 31946 98310 4868 16499 51374 5343 10614 79674 87941 74254 96971 58726 31253 44688 15054 82662 12030 20359 61230 51659 71168 17440 83459 85144 7195 55380
56732
28
32340 73684 48005 73860 79775 17896 59891 87866 56732 27294 15236 69086 62696 51971 47360 77436 13001 13684 86205 52965 76006 36595 98220 60522 39730 21586 43355 21224
65553
21
47552 29909 20318 14520 1361 60321 94444 2284 49530 19277 91358 46584 42191 9867 61812 35320 23115 80332 98873 18969 97564
51377
79
79039 47631 3067 90682 63068 56243 8162 76205 32997 44428 52170 69233 19594 70653 20883 42585 21050 89241 81785 50323 53498 99654 42683 48821 21444 95495 41851 52342 90478 59299 50162 37643 73623 86841 33824 95417 50933 22881 61880 12948 46998 69838 33323 57733 21203 38078 32094 86475 89028 51377 86322 88791 50155 93687 65878 34507 26135 84940 90112 16129 12179 17879 12566 62333 85412 60995 72175 24082 23542 3300 91674 75009 75493 20940 20292 15885 55262 87935 42493
115787
120
62561 14407 93764 73108 56920 76414 20979 18432 29402 48086 74333 2787 14437 79381 46120 44349 31083 99161 96518 46779 41011 25580 25732 59399 13529 43499 96652 10241 96275 44119 18711 73599 84086 44445 26298 53141 20548 36009 80938 79085 53290 80747 75708 2796 79655 39873 48308 66654 9402 4750 42690 73197 17155 88346 65931 76434 36441 87918 36006 19666 21139 85655 36984 71925 97820 52013 92214 12850 25180 13240 59366 35656 69959 11151 44105 50095 78807 2258 77775 93621 24042 27390 53226 81394 89617 23814 86366 93146 10170 49314 98940 45821 49816 48205 84376 18301 87435 11290 13495 4649 9995 10296 70054 12715 8940 27171 89309 47817 90136 6093 1339 1288 3431 47495 59298 43498 99976 4705 23567 79968
72892
98
67963 32888 35902 77447 79343 74895 17644 55682 38908 30588 83798 75099 65861 61076 69950 92701 68721 61371 67934 79416 30618 38986 88087 34127 16083 70902 15834 28919 88023 18949 69533 81408 2766 79082 65658 45472 54464 93511 58329 37012 88119 35904 82862 58616 28029 11683 23046 51209 39510 71888 44220 92710 15740 11659 13221 47149 944 96845 2557 79553 35509 47713 30089 45043 33869 24004 87938 57984 4696 25491 46972 55780 67579 51918 27156 21598 30943 10186 30705 28949 38092 16940 81031 74926 11262 30206 20850 40450 31170 28003 71350 41055 26643 86628 32276 52713 71518 32835
86913
86
38643 11287 85184 31585 70663 67710 22994 14360 49736 19874 67248 70347 60134 61462 40391 24234 68649 37680 5543 435 96721 36570 33037 74076 84243 25668 86504 6539 96424 65426 4303 97431 43886 65836 56071 21623 9702 54087 28323 95754 92382 9433 65769 22178 14461 40647 68122 50480 49800 12890 8001 49370 28398 31581 17363 42234 83350 95211 99052 94084 13378 86913 70121 5882 12687 28930 97398 64731 43255 46507 39036 71085 26246 12572 79249 78098 73898 19450 97703 83022 68009 29892 45021 74126 61198 97222
135185
61
15494 45510 84945 94185 73665 32024 16936 79168 35549 94899 43814 90244 81720 79735 7848 93744 97363 97132 18947 55997 45828 67942 58239 49451 92806 72741 70701 66210 4734 90091 46012 50602 29698 6879 97897 28831 84612 40440 88829 67959 42379 84209 74965 40290 92678 31934 7062 56031 16890 74788 25465 59100 9429 96242 41131 30266 57493 21199 4541 85321 52404
36990
64
58271 99828 56428 23565 25124 83729 41313 77066 25079 14998 59055 61671 33201 59865 28050 67267 2907 69601 37619 31768 40085 1293 87141 40480 14734 62784 81399 99026 43853 99878 99263 34361 13093 98523 9384 98540 75984 80412 74268 54295 60188 15866 91583 8853 64247 89027 36937 55794 51381 85007 39728 83985 14716 54447 7696 36610 59973 58000 47500 65268 23745 46471 36983 85060
11345
55
32162 38608 43661 89519 14 92660 34477 72824 72506 19155 90980 23207 40939 83955 26349 75603 27364 47823 19426 11345 99313 1745 33216 48716 27902 25434 25383 17658 35953 10510 39915 17490 65521 27832 87364 86639 770 5935 12987 82470 36711 54661 42530 70742 28581 26849 57704 145 72507 2535 78190 65259 91696 64396 32433
128369
106
52404 73647 83753 46690 25466 40092 64331 52574 76668 21009 53353 7620 7398 80893 65799 18195 77073 36022 22926 38551 94499 82006 33312 70591 63891 55213 46522 93968 61260 24974 45870 75739 89008 99183 74634 8344 95345 20619 37691 2587 46834 16930 49769 71924 37804 27829 86291 36702 28222 81183 10579 14919 52421 31243 32351 43937 96532 48396 7953 78059 47267 16475 23430 73952 4415 28622 47863 29248 60191 99483 58938 86460 69223 50215 57472 10390 46569 31384 68557 47343 36745 40184 61064 94220 14745 16434 29017 5553 76169 46186 90112 94689 84672 44258 89291 55059 24062 52763 37390 12943 68360 96772 67658 99763 11075 82183
136325
128
40219 92812 79857 10843 5499 85989 61988 34631 12733 6099 59889 65453 52363 90883 46786 22820 50716 59714 18182 74955 52899 34934 17288 29056 10930 16059 88395 46240 28565 42912 29685 5885 22801 75425 82384 82492 66223 51975 73043 24363 48739 13015 61118 42960 81587 66062 58201 49255 8937 49147 11638 30227 79719 36615 84552 34076 15179 54237 44407 68023 85136 5963 48713 40825 48286 4287 76039 30513 94259 59240 25420 58423 23155 32843 98423 79652 94679 81660 56788 93621 25528 63268 6741 56400 73670 60321 13459 42003 10599 13864 55378 51752 67037 83451 13270 24282 19642 27780 30194 9848 3278 93391 6373 44557 88536 98051 10446 90363 25133 64083 47888 95113 37969 96103 40407 53671 55479 10038 31462 96132 43819 85763 62030 47653 6919 51773 90361 8537
79505
44
59885 90522 95021 85773 98444 43126 96848 22302 7481 33853 35325 82097 96738 1694 62305 89050 60154 54773 81999 44444 28351 45147 23276 76752 56500 71398 64327 77811 73924 31647 34435 76094 23306 87085 24975 3724 7911 7187 57696 73231 27097 75515 34839 81349
165886
133
56095 83898 58831 95310 45381 90409 80582 59047 934 64960 60230 43904 18394 46848 25081 88469 36785 49862 79293 25999 30297 49791 89338 44008 81486 36628 48646 686 42083 58938 22029 68415 43855 90880 13138 53805 21298 50437 71045 55300 49296 54148 90798 54979 34000 15894 91227 3047 40683 99759 27776 92888 89442 61413 33789 19097 547 3064 99809 41579 54444 37886 64026 70925 51327 99984 38992 51335 21764 81664 37954 21832 34171 30346 35282 84110 19580 65781 26006 12996 28605 79642 52665 76561 13672 17113 97471 27844 64560 27936 33408 90506 54091 5056 80576 28735 94311 34961 87712 4267 14127 9142 31819 95944 79864 56068 29863 54751 76502 77092 86709 75140 69985 35109 50259 77317 22899 13067 5211 99682 69654 81989 6323 76829 4695 81514 56270 33700 76797 98363 50744 24634 49809
18408
80
55244 60730 3598 84166 58502 63600 91102 79964 81046 65026 30420 98228 49793 20864 50075 38846 22534 74698 83954 37720 55784 15323 26121 64212 74082 63614 76513 43596 98137 24431 25310 38488 60587 62689 77432 38861 46418 47054 66626 48702 93247 9523 31557 79055 59299 37323 27271 74885 42326 65790 32157 157 89456 92003 76302 31485 99648 18408 87118 47519 60285 17674 41595 94472 75421 6166 95238 14333 93703 43873 53182 52795 221 62599 57500 31349 9186 68975 24157 49444
72461
103
6389 32593 8068 95980 73390 74762 25187 17971 88196 36825 33255 62420 63323 19423 97 91904 99726 39811 19651 14044 14547 48414 62678 11349 99172 95534 74091 66294 9013 63961 78804 72633 87419 42315 70341 70804 74850 24975 48658 66340 74341 36992 87358 71050 49095 23377 48882 64362 18906 35694 57545 87983 52372 93691 1267 8108 33211 23432 2131 49254 52082 95884 72461 41460 94694 40883 16131 29312 72146 46468 98388 39748 44269 50438 86082 73966 12050 9858 89888 32192 11264 23880 11745 29760 67434 93999 8258 72258 64284 20064 97305 79473 92864 57814 2021 83032 66976 56433 721 78427 76758 29544 32086
11189
21
11189 69940 73260 86472 46526 42026 97665 7551 6242 94097 10724 1590 5426 38540 26878 54780 87431 41832 11927 4744 8470
32022
25
68636 39144 90593 95069 81068 32022 29082 90026 51382 79487 73392 90766 79468 6186 45667 13139 62914 89675 94026 93625 15629 29998 33000 32720 43557
70790
82
34187 67315 90122 2576 69943 28239 90714 86231 34846 69400 34819 18259 63794 50 24057 46944 22455 54858 64532 51485 16201 14263 26688 57064 15453 29222 91142 55377 45875 4458 32647 7621 19932 77791 89879 79374 9103 82872 5790 44658 34464 77589 23169 63945 70857 20710 92155 28940 7778 98363 38850 40055 46529 90564 16406 67650 36315 5316 19365 84759 92015 94933 89386 45802 24286 99160 14756 94405 75109 13088 78547 17093 4032 11418 69070 74587 30714 21528 95814 63645 64152 11565
120917
86
17321 95117 19688 76224 83400 44823 38474 87458 97941 43394 52541 64792 87968 79237 91436 31161 4643 4329 23251 56797 29265 8772 87586 35536 78355 30 68344 58343 92132 37587 86345 6311 82754 85388 18609 17355 71480 49372 5014 8893 10037 25823 55877 20113 67891 80046 11146 87115 80772 46566 955 81618 50737 96638 30216 67846 8598 25581 6762 59383 55321 24752 18025 54993 79184 98813 5167 74993 20672 24790 47144 48533 55838 364 341 41680 99969 84751 65104 26117 95630 97342 35122 11327 75147 67712
42949
130
12552 14717 72512 36631 25461 75648 29288 63805 95718 20005 22069 71986 43264 97761 97928 71987 89878 9640 24116 33787 45346 49247 87382 10353 57488 64952 33712 4852 22466 1825 61570 65923 16330 15662 79241 97654 84235 42949 63411 89962 13282 11118 97304 83908 92433 78922 39216 53629 45274 57669 47738 5157 69218 59742 58872 62442 81861 52787 41411 95252 40697 13433 3397 93568 49198 24254 29291 17674 34124 91799 2043 80869 99378 5166 80053 99183 82536 87237 11989 93703 93980 82059 66018 76246 54203 65315 78889 96948 20044 13116 2467 14232 21119 7851 94789 81603 26209 31536 90448 18581 12116 2653 78184 96750 68124 99794 38705 31457 4561 50678 51582 64160 49232 7862 46017 52451 52980 97247 53693 12399 23619 87826 43977 89867 8687 6594 40526 76347 38624 3392
97665
64
71636 31910 2970 87608 81328 51002 30144 67970 99084 87841 65201 53999 68297 35087 76827 4553 55678 11390 18554 9541 18132 50993 70663 59632 15245 60268 66086 66958 82327 219 71748 93347 94098 72152 53148 98685 7757 42395 33037 69667 21438 33113 70551 78870 24085 67182 52771 76504 64686 73593 58753 53441 62128 20686 6411 21008 95802 10703 43325 26050 62165 9317 61531 80314
30068
133
5150 97152 84117 86626 75859 26501 9739 4906 92791 8104 28365 30400 49093 57483 82231 66534 25828 9827 33120 27411 72435 94563 2829 45580 14211 7555 9883 46878 40785 13535 21492 97799 79981 91059 36932 59203 77285 21519 89322 75839 74449 55539 19901 71486 49859 93040 1594 33810 8836 10069 60238 7222 30282 94839 28049 22359 86234 99024 45183 16689 13800 30068 22912 21055 33568 63049 80 48590 99153 32328 78275 7460 52649 83156 49212 24714 17388 2448 82338 65709 68284 80754 52751 89172 86121 2002 10565 30646 2376 71808 80622 14546 37423 74834 59436 53973 26925 57395 19839 4347 23900 30962 24260 51206 95682 74535 12031 71607 39209 72845 49995 12694 88075 1929 51657 98407 50385 27679 69654 89686 96630 70429 11633 45908 79435 15552 36546 837 70504 1975 65165 36008 99913
96124
27
7293 28423 62356 76472 20842 78151 78876 29170 67234 44486 9422 85331 76221 3 90523 14973 54085 60762 79064 76360 52817 5601 99585 77956 28841 9424 4280
