166374059 332748118 499122177 
0 58230921 58230921 144190851 737591661 0 
662525270 591816295 0 194301133 395138390 146765688 5941931 0 
0 698771048 0 299473306 0 0 
0 393058714 324429415 154193101 546657622 750465844 0 825928364 
193706940 194301133 307692977 975417436 894607179 0 121314418 307692977 
499122177 0 499122177 
0 249561089 0 748683265 
1 0 0 
0 0 1 
996249525 830743296 567231810 915632232 237366484 861720194 0 203550748 701164488 149282981 476969719 806193831 606742909 0 213025047 984272628 909527232 0 862621684 215741995 690062005 0 0 375046532 375786897 
474873605 625910435 491987358 635341512 0 0 0 0 658710704 447131028 138902653 473264466 736808743 663033656 978302359 711873827 205479712 214674145 44546348 352688458 375727018 0 0 754943151 
628841849 872653519 0 755585955 135136004 494308252 0 805311805 0 980941265 647331400 0 131978898 0 648214601 174690197 447931017 94609172 461094630 0 0 680295776 27030485 0 
947536653 680943410 396532645 113186374 520243369 582239894 922831039 289114850 0 565755841 704523632 624632616 570178764 0 654892164 490659967 566758924 546698704 662673316 193660705 0 531042880 0 416582137 
0 635925077 675578729 881513297 429272296 0 163309161 9748300 611352791 286297472 60571593 678399229 151377163 472812046 516979013 0 557944152 544633391 617945374 325319802 279744108 302311321 971899427 605296299 459373551 503303666 539344784 150834740 905847667 824628515 702566959 250601854 0 971796212 70647446 12402737 0 27815737 258808209 273827204 653003391 501882743 213322051 262738205 372191161 0 734570297 0 468494363 550484742 291482947 486172167 384501823 302869285 597897171 728602361 814938168 161644157 733774878 795359008 480922994 978665562 663350968 340331052 882304639 387416340 542151831 0 227279490 547550089 685486053 769244082 189307894 0 239268950 618426780 208474827 69046955 0 517819158 14916456 794385643 
142239620 586200375 71725939 661478348 761241453 288819750 879048434 354552801 294208673 183210391 402122652 846683197 604881961 696943576 29804608 902418123 0 391432912 844557281 98188021 0 0 239492451 0 131791483 0 78847479 741837234 127339325 273902873 512413923 350554483 526503444 66570008 56047948 348810955 20772706 938176128 385188449 250723203 2912550 80901868 870578678 731533635 176236544 0 257277314 114679529 190014557 506830746 983815369 636953224 555427501 991867657 0 0 942531386 369485741 858091144 535024297 736648717 149303560 93727072 435673034 770003324 919560412 423200376 0 653403840 607714070 378375165 951053538 80599992 981662675 500195355 66702008 997141647 211594914 190998175 0 987967534 0 196397129 284387405 944152327 138148455 544337495 612659690 717994065 6758469 94366936 302257018 882738451 327582152 0 729285437 0 608609085 717032274 792894731 
966256053 764860237 328905752 838623539 47510095 463441501 0 362726902 0 916999974 873162421 889350684 60504069 0 26339178 0 817465858 949734685 647579320 520410049 824869750 243221349 704963417 353562775 271833040 453672461 0 83450770 619604610 555537406 420736930 428530205 586200851 0 804891491 898483273 439611674 41843143 86138542 29489250 528481655 0 0 0 0 0 616874765 411263811 625732218 0 363206616 861142354 398549581 553466506 746857626 773916333 0 195507366 240681616 690387275 161157365 879442923 167573701 824901277 804731989 504334465 630924342 754617991 866542369 171589630 994157817 141906296 0 615931953 618909607 671301081 457382034 225290758 0 924412965 638709975 243372546 257058687 896577099 902553616 793709515 24799454 331056396 367911124 988514460 743955849 93105963 84413590 620102951 973062241 10074498 0 213841677 0 0 
627857513 850530723 957271304 53444003 675117350 75667356 656579255 966385400 230260142 865647028 625064798 827712884 56788198 358989078 633678112 755270641 822031906 465062082 536233557 662158741 972693752 287657008 232546687 226068887 328519694 195470565 272783890 0 299485316 154089917 204713806 378956685 578475176 818190976 344419476 892975252 407110740 845912138 301983513 969643436 710017021 112362249 391093851 286696844 493277635 843466438 437822908 0 721388756 53065465 45044206 506523432 0 658316032 546065822 0 965547379 748240679 850901210 440650217 644113425 654312375 92141849 683633159 156401126 595771710 91977222 72825217 133108131 359462772 738289876 747324294 230642529 583493457 380951388 721404958 663694559 494364409 836565639 401719512 784476135 501224557 157980284 191931464 0 217753087 186070792 476047548 868244310 673252803 946661971 541219034 400065033 394815541 245574410 0 726254006 95505120 253505213 750778548 
946466553 663103526 744548280 453793063 283455043 504772744 649384883 629979374 547244897 6950332 854887091 686191934 945740624 467657819 0 723330755 724517853 531125157 305113108 816111711 916355338 746335520 960841668 985122082 723455800 409454606 51007977 853376617 498534306 558019782 296608207 487739751 17241722 729421073 939751874 203876656 160032563 211213109 115586781 346656041 75701142 893407911 567822017 173657471 851002264 823253143 795230675 940550865 4027633 340116602 717209488 416811496 326405641 647830833 57890824 0 173561418 866348798 336287467 329718894 471542296 16691466 740265876 327980005 225277153 735515292 539686007 218684660 0 904378414 844313168 629314851 910627047 662872743 721891828 570868232 607669182 974057217 646942169 369829599 660220454 0 172306548 819130949 570939609 319671684 486116607 313403304 628056730 849520116 0 334687494 735287980 224643050 338441808 776739596 70687806 271350862 196407622 921399506 783432999 578575885 65623989 150971092 669077410 857666796 892407937 392882042 606873943 763426989 250812648 603245085 131035369 433396208 113878971 517403861 860066296 139593139 318906669 651789151 404578665 79043113 763272397 228387211 30097674 4669491 175896667 0 852183295 945864103 0 396541475 669769401 801398541 0 0 837850545 681261628 538752115 622335635 0 306391540 561492901 0 75786668 688928154 586492149 474142213 154493119 373638506 
698765046 671196503 683005054 282157307 936785837 178866245 55732116 247206134 733532870 881893891 294740335 728589007 733857380 216435959 625184642 433258617 928562526 50009685 230078302 536214803 838904369 598152460 382580528 603989713 310358328 22125210 226156993 732626495 387126517 0 931918700 568403061 143258465 637324683 54499393 800409822 350326302 557346853 208856315 484369811 452596593 990933621 488229598 0 168087687 605998330 286548742 937885548 138595844 404925443 311636254 342645266 678424959 623067131 579218394 387889333 754416305 813176692 538474122 147362112 146697003 37923375 344713487 828603379 271802664 320720855 437673348 79364605 62234491 55995729 311142220 777418879 752468182 781805209 0 291800155 177608650 937175632 440132585 601826127 354193942 494375462 99914790 479737070 0 607850716 395102785 0 266824801 802243849 725876744 285210945 971223491 0 6917896 959937266 399304908 192762317 552464004 113745408 704856251 144702375 865579343 777188113 0 334206570 401878711 873631529 228427050 504099640 292163746 715934128 381534895 831870364 372625455 185215956 144749324 512151314 24030756 17905111 906953669 896829562 656366969 104112579 997488325 802197208 179689519 517609743 59243501 31934102 789345086 816351253 75356577 582075497 928633401 966484314 567529298 0 994125987 555270765 520832103 791626868 489587874 775309400 949809786 377869432 511679777 900984696 833514387 984075535 
621253783 219599353 0 400626481 341244109 894086048 795466158 221158071 649137747 0 36380821 301368422 510900773 
862246164 959519771 952303826 127430005 774421628 0 554395136 923001905 0 987684922 340778727 505928388 
414007321 134049956 0 0 0 0 941677173 357625001 593083907 554289702 
406214481 25891305 241912757 188705815 663123480 616769172 293623990 355299753 902236881 25891305 0 486832376 784720451 
173623887 277804452 208608859 873060656 291834802 535153219 159095326 0 724035696 535153219 345542709 80610478 786698463 0 
247790513 968695852 655511241 914212249 295976345 0 0 300642036 100247573 0 967769451 540376506 
327630578 272863983 478324896 52128938 272863983 54280714 707766216 904924185 154831847 460568111 488526426 875098417 336252241 512468544 90937040 
975967119 206856118 292967060 462997032 359630259 305204410 292967060 845470212 607869599 274621539 955431585 543578483 510238870 353911126 
673879390 364602314 501714742 0 677697369 708666024 756936154 0 0 975770974 0 34653968 297300831 
658706645 439450590 600845009 0 721286275 567964545 0 573184395 0 0 0 456181191 567964545 405638571 
332748118 332748118 332748118 
41197386 906144428 0 313932004 313932004 117452163 303830722 
1 
444036078 720560327 397006797 444036078 720560327 515407468 30810011 0 720560327 
834753231 153103747 297657716 985656263 987889989 985656263 153103747 197800270 197800270 197800270 
681281713 472866514 932197813 0 494800161 472866514 476325818 494800161 206833325 759249747 
361377420 218185894 692279938 361377420 0 692279938 218185894 218185894 692279938 538825077 0 
368975889 681575460 0 0 12045914 165995936 368975889 357794256 681575460 357794256 0 
568296153 703722656 0 262534304 198757581 693126213 568296153 0 
967544378 122799901 967544378 0 967544378 0 0 0 967544378 
43172628 0 156616689 13135268 145948222 0 13135268 13135268 0 518829580 94271431 
842268673 891289601 873463809 873463809 139635371 665793332 39513839 665793332 
876818524 421381917 876818524 579462031 686317751 421381917 130796749 0 
440768016 0 898054599 0 392396299 0 392396299 0 871117847 
0 417053482 417053482 526159076 741789219 981399434 417053482 0 981399434 981399434 526159076 
0 810298967 505167316 480145838 748747409 810298967 425286777 895525820 0 482611498 15313901 748747409 111284372 722899518 421305534 0 505167316 0 425286777 462583518 895525820 0 753773863 631685288 31739388 51805161 581148262 462583518 0 0 
0 223502173 148797522 180142320 49228624 46585331 945911920 0 49228624 148797522 754999226 987369752 107661528 948965604 116168896 32913216 49228624 787115302 116168896 515391621 417910099 738559258 107661528 716227390 515391621 0 116168896 213382434 0 948965604 
0 161100059 0 844041060 187049292 176718256 0 813024468 957562692 187049292 440163623 164311620 176718256 420761662 937876243 984483070 671974875 298814493 589797892 690733881 813024468 690733881 399222909 531718016 813024468 386188603 963021612 56125921 199418669 420761662 
137657822 234968714 652100049 469934667 571530458 605907408 740911392 0 874859650 740911392 0 861556992 462106928 652100049 736345933 511641041 738564727 108141602 469934667 909051600 64834564 32179916 537142309 108141602 0 181933150 511641041 64834564 
973629706 628430300 833022738 628430300 443201666 664268923 833022738 739465376 973629706 771765788 739465376 739465376 628430300 854431033 590851425 113623184 614138491 664268923 833022738 0 151680069 0 739465376 554991188 154425700 420776418 382289055 59098785 382289055 858574269 
405084665 405084665 405084665 405084665 405084665 405084665 405084665 405084665 405084665 405084665 405084665 405084665 405084665 405084665 405084665 405084665 405084665 405084665 405084665 405084665 405084665 405084665 405084665 405084665 405084665 405084665 405084665 405084665 405084665 405084665 405084665 405084665 405084665 405084665 405084665 405084665 405084665 405084665 405084665 405084665 405084665 405084665 405084665 405084665 405084665 405084665 405084665 405084665 405084665 405084665 405084665 405084665 405084665 405084665 405084665 405084665 405084665 405084665 405084665 405084665 405084665 405084665 405084665 405084665 405084665 405084665 405084665 405084665 405084665 
736558218 327495224 93640834 687783256 168717412 289371185 564724879 308307973 149025762 447803850 0 123795123 437318170 661513095 813321182 550013586 447803850 266598783 35107039 270414027 681876692 561146067 577018328 951614832 297676365 481577272 174892411 201294934 153757100 791858162 611805342 302417360 201294934 577018328 743277479 511817409 681876692 878455876 395568619 947053941 0 434257230 953475264 752148571 669506972 266598783 902301315 736558218 789381254 0 0 515728578 297676365 386732643 899191159 515728578 666890609 515728578 462766995 308307973 386732643 458851370 466822844 489333496 130178597 606272158 0 386732643 392485380 450819490 
787609408 777533228 649437901 56042102 463556045 229758009 84399739 515336735 631919459 848512424 950836432 848512424 84399739 0 539318059 387301961 831774482 539318059 174413023 168599097 662878832 13101795 529306059 0 57630083 489205813 649437901 694223498 831774482 0 770146912 0 515336735 736020106 848512424 631919459 471266636 233132759 0 649437901 770146912 53713548 178187120 0 32078735 56042102 360181305 408271176 529306059 186270965 13622168 168593898 463556045 0 172546680 172546680 56042102 406399282 815538808 422643472 965828409 463556045 805757646 822535578 822535578 70258673 144267909 371333587 809373933 56042102 
491002066 622922346 287406714 417217019 926335649 837391242 333607710 738124728 111350971 428399512 697654398 941067390 641450167 505008598 588276948 825560635 0 221248959 942342137 270998906 746588800 465599381 588589698 622239054 764329089 284941531 839558761 0 510867870 777770459 613075402 752653465 0 986524698 940319298 928209688 989711721 265866998 875669812 726201283 624403539 494397396 434426454 0 184635135 930100058 411552117 0 675398246 365255455 73815949 408384709 495618178 0 811950667 16554874 465699690 495963996 103184888 654902710 358489762 118124017 478302563 165215943 973221227 0 40177382 220837334 954908107 0 179757467 639972823 754718230 515636876 520467048 755535567 247016405 591554124 0 731428306 379618400 729840302 924253338 536221637 305783693 0 696352182 499461919 569836091 890663171 186178752 478246898 629887987 0 472908055 103217470 167632550 206006823 921831088 811614785 261516992 973101739 727439611 984734670 983511881 49066956 928693531 867740830 138315046 432995301 627301869 584636346 934170286 327155217 0 284384462 90072979 961319877 574127053 275787526 888302893 544320852 902846215 298975426 454593153 235367482 389861830 946734564 168454005 937132782 976995814 54711562 214307667 219628687 342476308 73825130 473711824 462143782 576535150 80898620 770355908 457550135 403891 503946845 923866815 762884070 838758511 186963312 563372880 705082705 
0 0 0 669609344 23144252 0 23144252 669609344 209196684 0 23144252 23144252 669609344 23144252 23144252 23144252 209196684 0 669609344 209196684 209196684 23144252 23144252 669609344 669609344 23144252 23144252 0 23144252 209196684 669609344 0 209196684 669609344 669609344 209196684 209196684 23144252 669609344 23144252 0 669609344 209196684 669609344 209196684 23144252 209196684 23144252 209196684 209196684 23144252 23144252 23144252 209196684 0 0 0 669609344 23144252 0 23144252 669609344 669609344 669609344 0 209196684 669609344 209196684 0 23144252 23144252 23144252 669609344 209196684 209196684 669609344 0 209196684 23144252 0 23144252 669609344 23144252 23144252 0 669609344 669609344 0 23144252 23144252 23144252 0 669609344 669609344 0 209196684 669609344 209196684 669609344 209196684 209196684 209196684 209196684 23144252 0 23144252 209196684 23144252 0 669609344 669609344 23144252 669609344 209196684 669609344 209196684 669609344 0 23144252 669609344 209196684 209196684 669609344 23144252 209196684 669609344 23144252 23144252 669609344 0 0 669609344 23144252 669609344 0 0 209196684 23144252 669609344 0 0 669609344 209196684 23144252 23144252 209196684 0 23144252 23144252 669609344 
702321190 426616717 530507194 185456392 405922629 981034329 558668172 5886917 162588861 404771188 538207247 927698992 306858066 125183762 522601694 810411335 835014847 86737801 13326324 279672316 482397801 943586041 588030080 587265 461151393 959610941 824154015 326733485 471567937 425201449 491373995 445626352 342219067 967215055 169420689 544629156 746332325 299566344 626821837 896450162 671224988 565826139 515246469 911806162 64165448 696298921 540146066 792804962 167678104 408376329 379297615 635736054 676829746 227867395 486420618 617639865 513247779 595080811 580354314 788866790 192355516 178267737 655953409 351291210 949876730 523247544 519065262 765808478 690992963 680252602 528363565 176977380 376155742 167689964 712348664 802529395 418226570 320198712 850548795 632352320 271942554 992585088 929815655 414882118 50385009 213341693 476685701 433076658 988944880 243340283 360449120 817736512 395671657 834732894 925471631 558198918 197187546 571637567 139726983 100084093 472999337 286899442 506586399 344490895 203172758 740803644 524212815 191583094 527403093 749829913 501186311 471324933 276159635 649857799 622762820 209666502 767659674 510689094 482752383 459389487 883937678 361468222 629172599 78306939 924300015 425191929 336326634 335217659 33186440 87788482 257368008 109528132 856458495 426054527 795389752 363300652 928975870 20235137 538186992 56647880 891785169 808348276 26291330 58816884 445557268 677664173 328050473 536691738 506147346 578782341 
734396466 722363999 722363999 8882949 80407892 261093221 734396466 722363999 0 8882949 80407892 507207103 722363999 722363999 8882949 0 0 0 0 80407892 734396466 507207103 722363999 80407892 722363999 507207103 722363999 722363999 507207103 8882949 722363999 0 260091779 260091779 80407892 722363999 8882949 80407892 507207103 734396466 722363999 80407892 261093221 260091779 80407892 0 507207103 722363999 722363999 734396466 261093221 8882949 8882949 8882949 80407892 8882949 0 80407892 8882949 80407892 722363999 722363999 0 80407892 261093221 507207103 260091779 507207103 0 261093221 260091779 734396466 8882949 0 0 80407892 0 507207103 734396466 722363999 8882949 734396466 80407892 734396466 0 0 8882949 734396466 80407892 80407892 0 80407892 80407892 261093221 261093221 0 734396466 8882949 734396466 0 260091779 507207103 8882949 260091779 260091779 80407892 8882949 260091779 261093221 507207103 0 507207103 8882949 507207103 80407892 734396466 8882949 507207103 260091779 734396466 261093221 507207103 0 722363999 734396466 722363999 80407892 507207103 722363999 261093221 8882949 507207103 507207103 734396466 734396466 734396466 260091779 8882949 261093221 0 8882949 261093221 734396466 261093221 8882949 261093221 507207103 8882949 734396466 734396466 
871386879 717289122 0 0 602232468 534632605 534632605 617501410 170338769 988892060 461359018 677362224 449857727 562883856 562883856 985401541 770506030 988892060 510157872 376079631 507827064 985401541 547516494 170338769 52959804 592278026 0 465993740 0 376079631 507827064 449857727 514951729 139878561 799132093 514951729 835361592 427280701 306936162 507827064 617501410 968980222 0 0 678850986 465993740 246331344 988892060 0 441610297 678850986 150043274 562883856 0 562883856 835361592 376079631 592278026 780427697 717289122 174230511 174230511 514951729 150043274 427741370 170977418 826226125 441610297 936903847 527795156 380619999 982917764 465993740 255169441 717289122 781559031 562883856 170338769 80455103 246331344 461359018 985401541 461359018 80455103 170977418 527795156 306936162 799132093 611141080 0 376079631 758775655 547516494 717289122 562883856 717289122 799132093 527795156 427280701 799132093 44423691 617501410 376079631 982917764 871386879 200267836 547516494 0 592278026 427741370 293044426 527795156 534632605 170977418 780427697 288843964 0 288843964 527795156 376079631 988892060 682640385 717289122 288843964 826226125 44423691 139878561 465993740 826226125 871386879 200267836 461359018 139878561 441610297 826226125 229704050 170977418 80455103 80455103 985401541 461359018 617501410 799132093 0 306936162 139878561 441610297 229704050 52959804 534632605 
358821637 358821637 358821637 358821637 358821637 462787225 358821637 358821637 462787225 462787225 462787225 358821637 358821637 358821637 358821637 462787225 462787225 462787225 358821637 358821637 358821637 462787225 462787225 462787225 462787225 358821637 358821637 358821637 358821637 358821637 358821637 358821637 358821637 462787225 358821637 358821637 462787225 462787225 462787225 462787225 462787225 462787225 358821637 462787225 462787225 462787225 462787225 358821637 358821637 358821637 358821637 462787225 462787225 358821637 462787225 358821637 358821637 462787225 358821637 462787225 358821637 462787225 462787225 358821637 358821637 462787225 358821637 462787225 462787225 358821637 358821637 462787225 462787225 358821637 462787225 358821637 358821637 462787225 462787225 358821637 358821637 358821637 358821637 358821637 358821637 462787225 358821637 358821637 462787225 358821637 462787225 462787225 462787225 358821637 462787225 358821637 358821637 462787225 358821637 462787225 462787225 462787225 358821637 462787225 358821637 358821637 462787225 358821637 358821637 358821637 462787225 358821637 462787225 462787225 462787225 358821637 358821637 462787225 358821637 358821637 358821637 358821637 358821637 462787225 462787225 462787225 462787225 462787225 358821637 358821637 358821637 462787225 358821637 462787225 358821637 358821637 462787225 358821637 358821637 358821637 462787225 462787225 358821637 462787225 358821637 462787225 358821637 462787225 358821637 462787225 
442609022 971613150 145682523 311367224 427701134 242992222 588744410 146856422 442636681 687179580 783748784 708362898 663659185 242992222 987290345 407989826 750300639 443035103 299693574 589702484 436031835 225166056 0 296454848 582663770 117737359 438994902 791352242 577718205 589702484 181952747 442636681 928892878 743133464 247716606 501128932 0 539966674 75971886 443035103 0 333874965 442609022 577718205 75971886 118077795 749423553 493775134 712342211 540628807 517312263 588744410 426389518 939402638 247716606 714102072 982160327 0 620286908 47610367 0 426389518 480793843 687179580 454271906 623249892 309054801 708362898 591684452 150543209 178943351 694377562 344170818 951579166 53004371 118077795 673431769 454271906 588744410 942087179 687179580 390177551 589702484 741382473 381186350 620286908 311367224 501128932 673431769 180699554 620286908 514203411 749423553 0 150543209 0 225196627 519834038 539966674 907999023 470488559 942087179 540628807 178943351 180699554 64288484 344524097 146856422 344524097 0 882197136 971613150 225196627 265486028 179772054 951579166 750300639 0 138156789 309054801 951579166 539351625 118077795 934597471 242992222 928892878 694377562 987290345 708362898 882197136 75971886 539351625 442609022 427701134 436031835 346170335 117737359 352221416 882197136 138156789 181952747 64288484 96504487 502667294 344170818 344524097 0 539966674 118077795 749423553