6
12
13
1
7
291
453
577
369
732
248
274
393
369
488
291
580
392
436
747
438
427
595
595
543
4
57
87
121
28
143
72
167
191
98
4914
5245
4641
4595
5382
3751
3592
4446
5642
3954
5243
4148
7459
6207
4546
4363
6268
5296
2389
3988
10486530992
11542657955
11901184615
8912603699
18435337975
10434066395
6133544507
17972397487
8991572006
8328803036
13658567041
21188766507
15767619620
17295735608
16385517357
15922398507
18507153599
16559105945
15888700647
19804794128
15132739495
16862212401
22888537925
13665880478
33731829977
104771
104649
96642
120989
123937
80122
133513
144852
85468
130197
106806
92671
109978
112793
102533
150330
120500
134951
149222
115622
134421
110446
113784
91022
117198
99335
85008
80783
96862
155132
114380
79226
84735
134833
83765
72838
115051
76406
134895
100919
101175
90895
129622
111282
90879
120756
86044
89669
110948
86224
28559063288
24449313343
31402743350
28216470854
22366858754
33648477179
27695331545
26915885612
32624431744
22794046714
28559063288
24449313343
31402743350
28216470854
22366858754
31983304994
33044036986
31742683004
31965613740
31983304994