100
1
2
3
4
5
6
7
8
9
10
11
12
13
14
15
16
17
18
19
20
21
22
23
24
25
26
27
28
29
30
67099
45214
14987
97706
5585
23890
21364
20874
19799
100000
9323569
3334838
1057133
746714
2428421
1164334
9962662
9150392
674223
175352
52780056
237848713
599862563
245236458
451571803
450208715
163553914
376328219
859831808
925833968
313539702723
178343270689
603261681181
251165199898
85646766910
248069802164
181353076732
281258905454
662534977288
276311240761
613446609901702
45239587420788
618830004480166
186332371083626
370148396751669
485868067888998
55178701311841
431116574027254
918556496114209
382721971750600
920085839113938566
279436409511594822
786162085791822855
819497236939227231
508138967749300971
689646316057979374
792892956689732568
648532722253604334
745495859811970643
933631752202470940
189905279573107402
724231219674718546
398963137053798296
994452799381614246
414866834332811285
222916318666396906
790896505181026725
588045027277802222
336562224664494771
970813093314019429
