60
3
60 40 20
100 50 25
6
7495 4929 5117 6657 5763 7521
5767 4037 2833 2307 1730 1442
8
380 329 408 355 121 71 96 483
61 355 40 149 374 216 183 374
6
446 40 424 347 423 467
402 419 73 295 314 393
8
409 316 145 278 222 271 475 56
54 46 202 472 182 21 412 456
8
232 325 52 383 162 485 190 46
420 487 76 123 461 338 290 210
3
338 400 355
167 125 94
4
211 68 280 117
425 314 350 327
3
34 450 301
319 158 112
3
354 286 163
451 355 332
25
47140 37509 71319 53009 66828 1644 92621 4011 5448 65388 59941 11687 26234 90563 77053 69578 56763 91968 33864 67440 84054 98920 86441 2983 83627
34580 540 71025 68173 83729 62382 79526 18820 31166 62592 38736 97612 55889 67560 77965 17396 62099 74191 68688 62240 51711 97108 14079 8232 76839
24
2199 56599 51983 50287 97892 94316 91536 96069 23626 7100 12246 60791 37567 63310 28867 42054 22894 59582 31946 38184 56981 94330 99956 64198
98695 40808 8030 75295 13260 97566 43865 46020 73884 7305 47337 95418 71496 33127 75335 71131 60145 67468 20223 82549 84718 11617 63283 10889
24
26400 54626 89097 20984 37123 20894 85895 3740 70266 2283 13666 83044 5115 97339 37802 21995 18961 58226 44837 74687 79006 46569 53614 85602
7508 54732 15601 23180 47515 78044 22225 3558 34799 36014 27427 8176 92447 97195 34864 15772 49583 13230 23607 19952 84407 28489 7400 74056
24
2112 5706 1235 33615 29452 42902 12561 41874 75161 16281 3803 38452 24360 95350 49883 9136 25582 17410 57295 11828 71091 23334 98603 11398
60500 29953 47284 4764 23586 91940 31877 22370 609 78419 42606 29272 76778 85803 272 24658 74633 33494 68066 31030 73375 58616 81071 71009
82
9338870 8746987 5510768 1414291 497881 9086576 6044592 4547804 326714 419712 5891751 414875 160498 4570498 1054605 9362919 3963068 7452509 1035840 2540699 8111288 4374271 6769220 9030102 3994987 932442 5042366 8127355 1941309 6493666 2559096 3469234 9807353 4886800 2384481 2244069 9263952 6495842 4985226 6046532 3024982 8636888 4041001 3564225 7236996 9740921 8037530 9712149 3736884 5206220 8930905 3029945 7295657 5443679 5040265 2178414 1831428 4463044 6825328 111670 3709391 4668431 7606136 14296 6896887 7654233 6676656 9753312 3028170 3506496 2301129 4869404 856573 9936357 8771994 6958368 1248808 3666796 9435037 1656643 7533383 8088959
8342895 2756896 5020091 3913036 4151508 6350870 4113991 4978434 8942896 4604104 4655765 6418008 1203855 6789406 687790 9241991 7678238 7787714 8406149 1423947 5601071 3405604 5434861 2435045 3620665 3468535 7149086 4303132 4697430 2914481 9592372 4897591 5034948 4107151 7867440 1445892 9066981 2047503 5714549 3470165 190142 8416500 7712972 8350718 4982523 3820869 6770145 4288600 2767850 2506574 1040323 5944513 4640251 4538781 3375848 4890 6575815 1929990 5814182 2734663 8542214 3224480 962107 8292147 8354327 7945542 1380935 8776393 8141948 6808983 7313229 4661884 1926747 2239223 6466870 8849472 7326974 2286860 5970509 8593038 562004 7707457
100
58304938 17115622 7449582 1981140 16504618 38426233 37302237 13480577 23127164 32104319 42666891 30651168 84893818 66951507 24060356 84728655 92805495 74683007 29076527 38414179 91773786 97662588 53957871 99869639 66988541 92998150 22432417 76295934 31399307 65966404 8855428 47465248 33671055 68060532 71570903 17715905 68669045 79024093 54584135 14185150 29848369 32878894 72149912 62515255 59936367 90499544 83720446 64880507 85379302 62866587 29865712 78399644 1860300 30984930 97049520 92317432 49238550 52353164 65202590 26429979 61592255 46070119 74453743 80696194 33844331 28102639 20687463 91609565 20837447 10967540 68095145 75317143 31775015 12737113 17509448 45432398 69333182 47282777 38721145 90143318 76869030 88609809 28793628 25199220 73659705 30164573 10876786 60218505 41763313 63296753 83268575 21177382 47871368 50336856 97484250 30074011 88869840 17604692 36401253 54031632
33459434 83075882 71641716 38711342 44846075 81032247 66099600 84350582 21969061 52065319 47829512 94809254 18145306 11419938 92963548 82936432 23173488 79242615 47071572 23232977 9145394 88210987 87710801 88358139 43401549 35663752 20307625 44431579 27047024 89295052 61669674 11642505 16825157 80544658 19057510 74702739 25367391 33624585 66077105 21569248 25833188 84319957 25581535 7111088 10703718 66026574 84004353 24588234 2034412 5466543 46287286 56364369 82377593 55771716 76375028 45213142 98874993 49441410 42709608 24854022 45776193 95680067 54101806 90356068 55880601 21673491 33199308 39731036 93305351 39378861 17113495 51266514 66068233 30706391 85885462 37343401 35671872 15480033 39984602 44219113 64669007 9082033 62218844 40233351 28163325 84758251 17256031 11419946 44665730 52411854 55298447 27757317 51996875 60043979 54858121 68089205 92347458 84708850 71660966 2028134
100
44489342 52200619 39631236 65416086 84782791 16910820 93090144 64631112 89521520 50777577 44298337 58969033 87879899 89792180 78065886 94210095 63074555 56110198 72289656 59178273 27002933 57525435 74291640 57837659 16116097 21458416 98020406 40484022 73298330 64167744 75070244 44733947 35544789 99177756 39750194 61840290 76903528 59560410 14437327 9900801 33659770 90008708 99932608 95182518 92511158 96014450 17568551 4050873 3619140 99479254 6520720 8225679 16430848 88498174 7048411 34354984 93088802 20113998 57517160 82572198 83234731 21786673 51602140 53453339 86696733 77341861 76871481 11883939 35466979 18014620 54331903 9836770 94699411 76333549 69480096 5380621 14007809 24797787 96315102 41587940 5693072 21291947 20277458 80667031 73653537 9481513 1261181 64406503 66496632 63859266 75998288 3731430 20818849 76185122 21562342 64819591 93608354 79398578 93127697 98779063
20699327 91045224 59446112 66466119 64424980 83525988 92214176 60875470 57430999 21699218 60386681 47711806 36324167 53368921 91121725 28076497 7303404 9120829 56381339 19035707 30584793 56357091 40433891 40965168 92251668 31617658 46077670 80570667 95032787 71374312 51132440 87995387 5742030 41220791 50896328 98794423 90652557 72571172 58385187 38450522 23281526 95898964 19463742 56249290 38113267 61470745 4606645 1527392 97929540 74080103 98291301 25803238 29417563 31108023 22781031 34939296 32420167 6702074 62087984 87810683 78363577 49763896 49585151 29957086 12950807 68996970 45795348 11780818 16958736 25837135 45998871 61997497 55624743 92818483 44257986 70091822 20332763 11717104 66934680 39070383 78079199 81684694 63332356 5270185 34639430 66857239 36954600 31150482 86741647 32057889 86107777 29247316 68501823 64021803 13569434 36082148 90310414 67183875 56304346 57126360
100
23854289 87462526 62776010 58230531 74027980 82817660 53732701 79169067 57445697 24824892 62031708 62480712 62737619 26877806 39595736 60004268 58494128 24079421 84623024 86843690 79917562 33483917 11027242 22649461 127968 76232105 65713911 99547003 84346104 11749304 7209757 84931218 26373209 4933266 68014100 41132679 39549839 60166329 81440474 42391848 18003520 72890035 20089380 23844199 46810836 62048442 51996947 97058380 45412792 77227139 48576489 54291001 93534594 85788009 19141606 98585301 53513514 81878795 64142715 28492068 13672417 28078182 79585841 86850813 46658021 73899344 79444458 40452860 29427829 40767532 61305970 32002233 54758800 35269568 19864528 76742933 39664829 3305507 5556965 1656109 11578739 86603897 83351984 74670400 93040705 69073838 53127306 72519078 29018358 60833124 70249770 42692526 37388738 42098077 55503836 99892752 33757144 56301948 8155809 38994001
75892354 88350981 89915889 99357081 24035194 66162323 62080202 12262519 60173211 91054973 90008856 47396426 72899823 17701380 68246914 27756444 3474208 16242383 67881328 48232490 6513778 76564012 82226953 43174729 96455400 771779 50312218 95758869 75002187 16800016 84359715 73801849 14756160 91830563 89454057 72313109 69102584 8320519 60894711 55720953 91856086 36819416 22358768 65371862 56012187 13912824 2730445 53262510 54793788 85497852 97419874 91132200 84263825 1475393 19560922 68864074 84926149 89063776 90690964 31381043 6352491 55487718 4745439 96115804 45636932 93903935 49217376 23573655 37672571 39099715 94812348 36221171 32418410 25628716 19998489 51728696 71884693 47221000 29145421 44508793 52948152 16914141 31549072 23123614 78307078 84383793 27724944 21558617 52614384 84672236 83377501 5296550 13964141 3871479 81708849 39015367 65569205 59836896 35286045 60527149
150
99273738 568997123 754771412 187559266 741444665 581746025 825285219 348439941 760616261 799670813 916176280 680297275 384897056 424036977 997927987 727210746 11356795 44654110 534791162 461098971 118150478 618674113 894616118 441668125 903577428 394577241 310417972 104941986 330810252 258546891 881382341 441904753 310071225 652955230 508265918 57564466 695687907 468668224 691017849 880635317 496831956 379581951 168542803 455014763 483166620 493498640 272759852 347775979 597899790 48451403 235554282 100338543 85173313 111255660 897081590 947941716 182621967 605990292 865108156 665645214 777507737 423398855 444367152 51324017 724292545 920862316 55243076 592887961 978237102 635790800 704443763 207016963 51776332 151424931 829571642 717648194 696775369 38773625 914002073 146276619 265862425 957771594 171246230 177779897 751042932 506187762 440836538 698912969 382440659 253589938 989908882 671338335 75805302 715785389 174293039 761800896 320432736 928575852 282244262 628929494 132865497 914789723 21023633 815841455 435081195 129954633 854975373 724643070 743196134 76945900 11827642 561162905 170576861 796565083 84582974 639631353 375786791 168754322 371983554 226876605 128412382 632761841 458277107 121051175 138864739 826486717 489879298 991116189 652112344 809426334 942092325 574905641 797206692 23983135 962501396 990502906 113261043 571810098 161643660 567859425 962402612 896643753 91894736 995646165 398380697 394326718 650522915 212610415 895155610 766525068
662227535 550003055 905717106 932812435 34380577 671186229 963431329 108206904 120020458 448016712 156483176 270653762 857295871 948424915 78668112 625982047 633729594 602648099 437802915 66646941 737104760 843894058 870325489 886180337 898551577 855252991 226955149 487839411 506580355 972410716 59562254 256963104 723955359 96367903 15736015 95645655 417619035 964550345 58400878 475263837 535537446 326290946 154378320 616070297 55669878 917594387 58999324 328988760 76089669 675714410 986158908 335696074 60255376 423437850 326344031 946490883 948464087 993319512 781552890 546026107 314771360 729287167 847518658 391426446 968449525 679814669 512869683 129694205 726752993 206420260 169860364 36931692 565316854 55640586 264159185 762078690 74662346 393897001 643535688 824281676 754156149 503757328 192299772 572674297 251492372 733746160 815875774 237313823 487664714 848580639 84721950 395350613 871761338 141268376 329189366 73058071 214358670 938603642 839744736 432888646 318782707 718632581 703629755 581040293 829568410 531907488 237059370 839725405 266299961 267280469 126637844 709150841 249343496 89346131 250528549 868428907 628122693 384278251 760079692 932409734 850247856 691213204 93979195 605984385 544725007 345001064 740559339 110565626 11815083 886146212 709805077 466946033 872668370 255946028 332191929 50042953 640387411 62877444 911258267 746426698 256395781 861785560 491670977 631914274 655573056 12613237 832512502 285500767 689688930 473268558
150
165193590 891761483 545292024 715382929 607106880 797584609 298539694 100840927 825889655 801127053 394842829 573193490 710943806 924673213 639965529 706176584 331633558 784206432 857323127 921582692 83659242 649903469 266151153 889965966 816873604 479015260 140016309 630739376 523509269 983409579 514358614 508564217 337737009 487101530 864480393 626073182 446986448 547923055 947898538 617760276 848653519 546926707 256917813 968154136 325064301 740582132 509670733 764816551 851418830 623934209 523084856 78708934 826796924 34870449 620117472 851926715 83688161 233207708 346657108 214748305 414324941 343801696 877848389 168069273 447846134 188074525 409297033 144126436 649464691 50566906 674395292 478808265 623796545 300902558 978287642 557266789 358465726 121911223 41818438 695703574 79112241 725639031 149060743 939665408 969340480 492859921 464613093 960923528 396431479 234243393 491391120 71129819 880915400 969622721 390728538 858867304 632160006 193115861 638383416 245140834 403684713 845940416 220462788 753070655 959877389 811846476 8720830 894939963 179817842 742418759 875315078 313028310 158863869 344526848 959055780 920687186 507303542 827962318 932542017 498566710 789574537 235671689 744144043 407923405 644019525 11800079 270843861 88375976 3328927 597799617 780702932 76252440 115064048 534575619 398821219 91481781 162793075 992870079 656829536 312395738 798764744 635246563 432097869 412338470 82829428 98939102 608905168 518524412 773411935 472219687
489454131 274368260 741072980 572880822 845444580 16254632 524781444 391557001 960134390 907307928 494105347 361544225 741427615 589768518 750791242 548609794 341876920 797979755 744369587 802318134 459428416 555001728 841206017 288690635 646575065 269902150 495344085 779917904 484484937 789060414 961716282 74994524 369591547 310798386 758193946 534663943 683519100 628516010 161968838 848115567 373348094 795751800 282950514 491844917 509774808 956261421 380254646 372512253 605896963 586112417 409350414 969800946 201080223 87865455 316976219 793186111 601056364 470796150 846909537 519622295 615883346 536987737 841111623 382167982 956201689 667809280 611404313 1132733 4560049 50870549 60309833 720671234 997629484 972875400 464281386 825972286 293583807 931854348 830569332 444742965 956115589 144610967 286138051 327843377 409984187 333645030 234768664 823486080 675802693 110289398 623496278 327633393 237859112 740199308 750886598 916505947 612585998 928440495 499587988 300664087 859659461 751009832 6718799 288050561 310557376 224260873 168565869 245949818 253752212 803391267 792839620 641814249 260294525 609572750 527818002 847947573 801762774 87216421 973925239 673561037 909071268 735523079 559276534 582957728 125509644 109746968 73502712 212695717 197093081 102289533 123646920 738740821 449757431 615856164 138215191 284338220 869189370 954298170 12917626 839572779 513170328 620155314 736501991 681899353 664312875 658211013 712225340 781828669 539128624 469060973
15
31966 18786 15685 12597 11856 28752 18308 10713 1328 27262 34203 25908 14338 34106 15132
10780 14870 20824 10576 4538 7030 21707 31980 30077 28951 783 32882 18033 2410 12320
15
12303 22417 14833 8627 16048 22668 27460 3917 5934 9055 26985 6863 35509 23334 16295
1783 7390 8683 25613 15698 35516 32610 20792 33478 17210 12900 35886 33477 6424 28679
15
28850 19137 19189 33034 8541 1472 12081 29519 2555 25342 21290 10634 13441 32837 31516
13727 10060 2803 1124 3295 28592 13005 32629 18418 32972 28043 26839 15733 2494 9435
15
3310 25618 15288 24427 24949 1634 34741 25382 26541 23558 31945 33058 31978 31765 25019
4705 12178 31519 8291 11369 554 27916 35689 1516 12092 3254 999 11909 13651 6352
15
14843 22311 15755 28304 23596 5248 18578 13718 13154 25531 8688 30413 35329 13284 29342
33896 12820 8888 8785 9689 10598 6726 5652 12299 32863 3535 35289 5527 29914 33281
15
7106 7406 19103 7298 23790 19458 11242 21130 22390 1824 30254 9037 18450 14284 17188
18835 2337 16639 6963 4129 17505 10906 7119 20449 28467 23715 25315 34362 20004 32260
15
772 28248 13020 13753 18446 23251 7166 5412 5567 1665 14149 26053 10165 27405 18419
6468 24959 34199 33182 4762 18024 32373 28647 28496 8578 5136 15013 1949 12690 25676
15
9540 12712 28256 4501 35436 27169 32524 3608 9169 22721 5826 14402 8003 34483 28039
18188 18476 29454 11053 10902 23302 6153 4623 10914 20443 9783 28860 20316 35862 27638
15
29085 8956 7 7945 6946 2807 28594 9962 25638 6575 5085 9084 23099 24295 31705
22533 31790 8052 2447 17216 33096 18160 29518 6386 9370 12891 18129 20685 35746 13872
15
23272 15622 11268 26033 33850 11416 35856 11756 27719 34929 12025 34790 30113 17780 7879
32654 2002 30523 22296 303 18269 11470 22443 7475 13922 21386 30488 9994 19397 7752
3 4
5 4
10
10 4 7 5 1 9 3 3 4 2
4 1 2 8 2 8 7 1 9 9
9
3 6 4 3 6 7 5 10 6
6 10 1 3 5 3 6 6 6
10
5 10 8 3 1 3 10 7 7 7
6 1 8 6 5 9 10 7 10 10
10
6 7 5 10 3 7 9 3 8 2
6 9 3 6 9 9 5 10 5 8
11
6 1 5 6 7 5 1 1 5 3 8
3 3 5 6 7 6 3 5 1 7 6
11
3 2 9 9 7 4 3 1 2 1 9
3 9 4 9 3 10 10 1 3 9 8
8
4 7 10 3 8 6 4 10
10 7 4 1 3 3 5 3
9
2 1 2 8 2 7 7 6 2
7 2 2 2 8 3 6 3 9
11
4 10 1 6 9 10 6 6 10 5 8
7 1 3 3 6 3 6 9 9 2 7
8
4 8 6 6 3 5 10 5
9 7 9 10 6 6 1 9
8
5 4 5 2 1 4 6 10
1 4 10 10 8 9 5 10
9
5 10 8 9 4 10 4 9 3
8 7 7 3 6 4 6 5 8
11
7 2 2 1 4 3 2 5 3 3 1
7 2 10 4 3 8 4 2 6 2 1
30
38 19 5 4 30 19 6 23 36 34 11 30 26 16 1 38 5 38 6 32 23 37 7 8 22 29 3 32 35 39
29 11 29 3 6 10 4 19 40 10 38 14 4 36 13 30 5 12 14 26 35 3 35 21 34 21 26 29 8 36
30
37 18 19 16 27 23 3 38 27 19 33 21 10 6 30 13 27 11 30 4 14 17 10 29 4 37 30 12 36 6
19 12 34 16 6 17 2 18 15 30 33 16 35 1 13 1 27 34 40 25 27 40 33 9 20 11 18 2 26 3
30
38 6 39 22 15 5 39 17 30 15 4 23 5 9 10 7 13 35 20 27 17 27 8 11 17 33 31 32 1 9
39 33 39 12 17 9 16 22 3 38 35 17 22 20 36 33 33 40 27 31 28 38 27 23 14 28 3 9 8 12
28
19 32 30 1 21 7 3 34 20 3 35 18 23 30 8 28 5 29 1 26 6 25 24 29 37 9 28 6
13 39 32 25 24 14 26 5 1 35 5 13 36 9 15 17 1 35 20 22 28 14 9 26 40 20 2 25
30
2 28 19 28 10 35 19 25 2 30 25 25 28 22 9 31 4 35 19 37 13 39 25 15 12 32 3 5 3 34
30 36 24 27 1 6 19 14 14 37 11 17 23 4 10 22 31 38 4 13 5 5 4 33 29 4 24 39 22 22
69
1 1 1 1 1 1 1 1 1 1 1 1 1 1 1 1 1 1 1 1 1 1 1 1 1 1 1 1 1 1 1 1 1 1 1 1 1 1 1 1 1 1 1 1 1 1 1 1 1 1 1 1 1 1 1 1 1 1 1 1 1 1 1 1 1 1 1 1 1
1 1 1 1 1 1 1 1 1 1 1 1 1 1 1 1 1 1 1 1 1 1 1 1 1 1 1 1 1 1 1 1 1 1 1 1 1 1 1 1 1 1 1 1 1 1 1 1 1 1 1 1 1 1 1 1 1 1 1 1 1 1 1 1 1 1 1 1 1
70
18 49 36 69 71 30 25 1 87 66 104 59 35 43 90 53 66 8 44 24 64 27 97 46 17 45 57 79 7 16 80 3 79 97 56 83 64 26 81 82 100 52 42 62 68 8 78 18 73 111 110 65 17 4 92 65 67 65 22 1 4 95 40 41 98 50 103 4 74 15
109 72 96 111 62 65 21 29 90 70 5 95 42 48 71 1 43 40 2 46 47 66 6 105 103 14 42 48 70 18 70 27 8 38 40 34 59 89 40 26 56 65 49 29 11 19 4 19 91 96 47 59 101 100 88 3 78 2 20 11 102 108 39 45 76 49 109 93 64 64
70
48 18 24 75 57 45 15 47 49 11 42 11 15 109 13 8 90 13 28 6 41 30 40 103 67 19 24 77 90 95 84 102 47 36 11 49 16 65 111 24 84 1 5 110 43 75 61 55 40 58 62 60 57 100 82 82 75 73 39 7 23 57 56 31 31 22 83 2 70 75
54 49 38 84 11 97 2 109 27 33 50 49 104 42 1 86 51 97 53 39 110 23 111 42 14 4 28 2 82 91 72 29 5 27 55 101 99 97 92 69 74 76 1 107 100 99 47 78 43 3 4 45 106 22 38 43 18 61 74 76 101 49 70 9 16 50 12 9 108 57
150
92111 293989 176006 41598 96662 160945 171923 218816 154351 12057 282836 274092 247834 122294 105114 460 335196 315591 34066 94013 66261 60984 219484 220104 302188 281776 182656 330674 214662 140083 306670 89834 320753 68250 243576 130839 274381 112987 34598 140618 201093 18911 165614 341709 211360 146128 118901 345494 228415 92922 197883 12592 312696 344105 78440 85187 4197 47609 146422 76269 30528 193994 188218 86811 277893 327146 57700 162308 284924 322528 116128 311202 76860 130079 209974 89844 92226 132722 337461 190327 183395 305457 20682 155015 317142 327636 299293 195669 196522 45346 234734 279168 179508 335269 99037 16587 70191 101332 113879 222603 267046 200438 149054 130055 61916 105805 262437 153212 194038 61812 115733 103163 142707 208622 330674 221283 184848 213095 290009 227613 279122 160159 238062 29215 292014 309412 4734 263274 83094 100809 87127 141420 60959 224473 278318 310485 275740 202673 193265 158790 204082 195102 307474 235328 41914 11632 113423 64809 217958 182354
300603 348558 62925 158532 201655 63089 46047 307281 255586 343340 151980 332 87620 185848 35210 34406 330033 179786 180301 136445 52568 202360 91139 124819 164022 331831 4255 163339 181701 333697 12215 298014 7202 286396 154658 332662 105273 180323 53678 251012 248574 73382 260861 185626 148549 50289 302180 67793 191484 186941 130112 101003 234827 23644 104693 170330 332572 26919 173893 192353 160434 283028 253962 8702 305971 229647 108540 33791 281424 166316 135529 273241 278784 245674 24249 120005 37105 238370 116969 69341 76809 219247 246203 109548 147733 289434 304703 236798 286484 180077 29064 19577 251342 336422 33095 329313 311184 94241 250321 249381 86330 83394 272797 197733 23091 143354 118362 175671 330577 247623 168254 198979 26115 292304 133406 60207 76160 205799 300394 123539 99732 216085 256746 160925 16695 177320 197540 153326 53754 198979 9568 85408 281056 287940 112606 294716 118005 5171 95269 182537 27912 23988 282535 179180 14261 91428 68162 33768 164924 56771
150
4 4 4 1 2 4 2 1 3 4 2 2 1 2 2 2 3 4 1 3 3 2 2 1 1 2 2 4 2 3 1 4 3 1 1 3 3 2 1 2 4 1 3 1 3 2 3 2 3 3 2 2 2 3 4 4 4 1 2 4 2 1 1 1 4 3 1 3 4 2 2 2 1 3 3 1 4 3 2 4 2 1 2 2 4 1 1 4 2 2 2 4 1 1 4 3 1 3 1 3 3 3 3 2 4 2 3 2 4 1 1 2 1 3 1 3 1 4 2 1 3 3 1 2 3 1 2 2 1 4 4 1 2 1 4 4 3 2 1 4 4 1 3 2 2 3 4 2 2 1
2 3 4 2 3 4 4 3 4 3 4 2 2 1 4 1 3 2 1 4 3 3 3 1 4 3 3 3 1 2 2 3 1 2 3 2 1 1 1 3 1 4 3 2 3 1 2 1 2 3 2 3 4 4 1 3 1 2 3 2 2 3 1 3 3 3 2 4 2 2 1 3 1 3 4 3 4 3 2 3 4 4 3 3 1 2 3 3 1 1 3 1 3 1 3 3 1 1 4 3 2 1 4 1 4 4 1 1 3 2 2 2 1 3 3 4 4 1 3 3 4 2 1 2 2 1 4 1 2 4 2 3 1 1 2 4 3 1 2 4 2 2 1 3 2 2 2 3 3 2
150
116 32 137 54 147 105 149 57 20 21 13 77 103 124 0 10 79 75 27 98 39 138 24 82 50 145 68 3 101 51 25 36 7 112 94 37 42 14 11 118 130 129 119 66 12 18 104 109 49 148 146 1 62 139 83 38 16 29 81 43 86 56 31 87 17 45 41 102 89 60 65 44 106 78 117 74 55 123 59 53 80 143 107 76 97 140 122 91 113 114 34 61 15 47 22 127 88 136 48 28 108 93 132 95 120 23 72 144 2 19 126 128 5 46 52 125 115 58 141 92 70 99 110 67 71 40 26 4 142 84 90 96 121 135 64 100 6 131 30 63 133 85 33 134 8 35 111 73 69 9
73 136 64 66 53 149 93 7 5 83 2 111 61 42 19 9 87 28 102 99 77 71 48 52 132 121 142 47 88 98 20 128 127 131 41 90 65 23 74 109 1 126 37 4 3 50 135 119 62 33 72 24 148 75 80 104 63 58 21 85 14 8 27 130 113 60 120 30 67 124 36 140 125 123 25 129 134 86 114 32 92 107 29 51 12 16 137 6 144 122 97 56 117 44 91 76 143 84 82 116 112 105 78 55 26 108 81 40 146 39 31 57 18 22 110 94 138 54 106 101 43 34 46 95 45 96 70 15 141 10 139 79 89 49 35 145 38 103 147 13 17 100 68 69 133 0 11 59 118 115
150
6 2 2 3 5 1 6 2 8 3 5 7 2 2 3 8 8 8 8 5 6 7 2 5 2 7 2 2 7 3 2 8 4 4 5 2 3 5 7 6 2 5 1 4 5 8 7 2 2 6 1 3 3 3 5 3 8 5 3 5 2 2 8 5 1 7 4 7 8 1 4 6 3 8 8 5 8 7 6 2 3 6 5 6 8 8 3 6 5 5 8 5 5 1 1 8 6 3 6 8 4 7 3 4 4 5 3 4 1 7 8 7 3 7 5 6 3 7 4 6 1 7 8 2 6 2 5 7 2 1 3 7 7 6 6 6 4 3 1 8 3 1 6 1 3 1 7 3 6 6
1 4 4 1 4 5 7 4 4 4 5 8 3 3 1 7 4 7 3 2 2 1 3 4 7 8 1 4 5 6 8 8 1 7 7 5 2 5 7 8 7 6 8 8 6 4 3 1 6 4 1 2 6 8 3 8 3 5 7 1 6 6 2 2 4 7 1 2 4 2 6 4 5 5 1 1 5 2 4 3 2 7 6 4 5 4 1 5 3 7 5 7 3 3 3 5 2 4 2 8 1 4 5 2 6 2 2 3 7 6 5 8 2 6 3 6 8 5 8 3 5 6 1 6 2 5 2 2 4 6 2 7 2 4 2 1 2 4 2 7 4 7 4 5 5 4 7 3 6 3
150
45 36 57 58 55 19 19 23 51 12 49 48 26 7 7 25 10 12 22 14 39 25 1 51 35 20 59 28 56 14 39 26 29 54 44 29 40 3 53 39 23 37 58 59 30 28 41 12 59 17 30 50 7 59 7 40 14 20 33 36 18 18 29 50 24 42 8 17 6 52 43 2 28 21 36 4 7 51 15 41 49 25 49 15 42 52 53 44 13 59 14 27 1 36 7 36 44 52 3 44 16 23 14 2 45 11 1 56 20 24 34 52 19 42 33 47 58 47 52 14 12 32 36 47 8 16 54 28 8 45 11 49 54 17 8 9 42 15 15 25 49 23 44 57 53 54 17 9 35 19
15 26 15 27 19 38 7 58 49 27 45 24 52 44 36 41 47 14 19 37 46 33 7 29 39 9 44 12 30 2 43 11 6 40 15 41 5 59 27 39 32 52 57 33 16 18 47 28 30 10 37 30 4 39 24 33 2 11 34 56 43 28 40 32 41 44 55 28 12 34 11 18 47 35 38 56 9 14 18 28 29 19 11 60 3 16 50 59 53 35 41 46 51 29 13 60 4 27 3 18 35 8 15 28 18 36 12 6 2 24 57 43 37 31 41 18 22 34 13 39 49 5 49 59 37 49 14 10 32 16 19 34 18 39 51 7 10 23 53 18 43 60 41 12 5 49 56 41 38 43
150
2 2 2 2 2 1 2 2 1 1 1 2 2 2 2 1 1 1 2 2 2 1 1 1 1 2 2 2 2 2 2 2 2 1 2 2 1 1 1 1 1 1 2 1 1 1 1 2 2 2 2 1 1 2 1 2 2 1 2 1 2 1 1 2 2 1 2 1 1 2 2 1 1 2 1 2 2 1 1 2 2 2 2 2 2 1 2 2 1 2 1 1 1 2 1 2 2 1 2 1 1 1 2 1 2 2 1 2 2 2 1 2 1 1 1 2 2 1 2 2 2 2 2 1 1 1 1 1 2 2 2 1 2 1 2 2 1 2 2 2 1 1 2 1 2 1 2 1 2 1
2 2 1 1 1 2 1 1 2 2 2 2 1 2 2 1 1 2 2 1 2 2 1 2 1 1 2 1 2 2 2 1 1 2 2 1 2 1 2 2 2 1 2 1 1 2 1 2 2 2 1 1 2 2 1 1 2 2 1 2 2 1 2 1 1 1 1 1 2 2 2 1 1 2 2 2 1 1 1 1 1 1 1 2 1 2 1 2 2 1 1 2 1 2 1 2 2 2 2 2 2 1 1 1 2 1 1 1 2 2 1 2 1 1 1 1 1 2 1 1 1 2 1 1 2 1 1 2 1 1 2 2 1 1 2 2 2 2 1 2 2 1 2 2 2 2 1 1 2 2
150
96 73 36 42 31 34 55 100 19 108 37 109 41 34 5 78 10 48 59 98 67 89 116 99 22 20 86 90 40 98 94 19 1 26 39 6 119 14 106 48 115 35 96 40 106 53 74 66 13 32 2 55 97 24 39 107 104 114 101 70 119 97 51 108 102 58 91 109 83 88 29 61 15 33 76 53 23 102 55 72 108 103 98 63 52 101 42 6 23 111 101 68 74 118 88 119 71 64 14 62 11 72 32 29 111 60 80 100 80 118 28 73 71 92 57 33 10 113 30 91 33 81 53 93 34 1 61 5 109 28 106 81 96 31 67 87 20 46 28 30 94 60 18 3 15 80 113 14 53 74
65 74 16 26 13 96 69 58 3 76 7 111 71 63 81 83 15 43 85 22 8 50 32 1 16 16 43 81 98 28 92 42 21 83 67 9 69 5 117 17 49 54 37 15 27 70 118 78 59 34 50 116 68 97 102 67 110 47 115 97 34 93 47 80 89 7 74 39 78 109 42 103 79 106 47 94 104 104 55 96 31 66 67 41 89 65 120 60 20 96 48 47 11 56 62 45 6 85 77 34 119 94 106 75 13 105 37 36 77 28 53 95 52 13 1 12 86 60 23 11 2 12 112 28 116 5 18 119 34 117 61 36 64 82 31 13 60 17 64 71 90 19 46 45 1 67 51 13 3 17