1000
43 197 17 77
5 4 4 3
3 17 169 931
227 730 11 35
3 7 1 2
5 3 7 4
10 7 3 2
6 7 7 8
2 7 3 8
9 8 8 7
8 9 9 10
1 6 2 9
3 10 2 5
222 985 107 466
815 411 671 337
279 529 81 151
289 737 288 727
15 598 1 33
673 494 218 159
194 319 125 203
420 397 227 213
486 269 723 400
40 491 81 979
764 509 311 207
3 17 169 931
294 475 23 37
199 351 27 47
279 277 450 443
135 946 120 839
457 746 334 545
227 730 11 35
131 858 91 594
848 787 831 769
448 941 223 468
481 940 466 903
374 741 401 794
601 861 121 171
255 281 10 11
107 211 435 856
61 788 46 569
569 674 38 45
53 90 580 979
92 141 545 829
6 5 869 724
171 925 23 120
3 284 11 689
403 280 667 461
887 836 924 865
350 157 613 274
202 469 117 269
617 851 368 501
972 997 935 954
283 729 147 373
89 743 15 116
185 71 227 87
177 409 431 988
136 719 140 723
151 698 164 749
311 429 425 583
343 380 265 292
186 323 366 629
793 861 569 616
8 29 74 267
5 8 356 569
655 624 930 881
113 228 454 905
103 50 661 320
115 619 179 932
327 677 17 35
499 651 551 711
257 418 245 398
550 479 803 696
221 441 463 910
228 695 117 352
17 121 118 825
931 332 964 343
33 586 41 659
449 450 537 536
719 876 383 462
660 731 29 32
209 127 543 329
419 335 852 677
67 420 115 702
251 475 239 447
631 579 194 177
402 613 366 557
319 272 817 696
86 233 56 151
97 142 589 850
153 266 252 433
74 245 193 620
546 781 226 319
2 305 13 981
185 142 277 212
347 858 29 71
349 500 75 106
426 719 563 935
941 836 473 419
683 895 729 944
83 303 233 839
186 443 199 470
92 405 18 77
166 953 59 324
472 983 348 713
55 917 37 590
126 65 491 252
454 329 578 417
15 107 19 127
44 41 67 62
3 20 89 561
488 489 451 450
170 269 399 622
37 96 41 106
7710 38927 16901 85331
42067 92528 28731 63194
6393 3127 61203 29936
11404 32501 33976 96829
32847 31643 23379 22522
26517 62218 29007 68059
5403 8972 50887 84500
30709 32938 21838 23423
52403 75249 36855 52922
13144 15169 31100 35891
14072 8033 49104 28031
21291 24572 61501 70978
30668 76531 35593 88819
56401 88436 54103 84832
5724 6043 30397 32091
88706 66431 54095 40511
15933 49874 10333 32344
89291 97244 68869 75003
85496 79533 99538 92595
8376 3193 97325 37101
31511 38119 22370 27061
1413 5129 27101 98370
269 42 743 116
40702 6597 53276 8635
239 26 331 36
69477 13255 54245 10349
14655 1733 10579 1251
14444 1531 27954 2963
5363 2506 6677 3120
40680 5557 52466 7167
18315 15781 10697 9217
14655 1733 10579 1251
14444 1531 27954 2963
5363 2506 6677 3120
40680 5557 52466 7167
18315 15781 10697 9217
35015 12649 43303 15643
3221019128 657187721 1123431706 229214883
2712921429 168938614 5360680565 333819452
1507865301 213625565 1083065551 153442413
2392189541 131459074 3062154255 168275948
2109155891 520491040 2330594319 575136938
1296106489 160762224 1010500927 125337214
1322594431 645355846 1476713059 720557552
1389958461 137059043 1641479539 161860675
1890643247 187350090 2307897405 228697184
2677951036 873369769 1657035686 540414987
3230983565 229762002 5343883141 380014712
2883170993 203594089 3404758141 240425779
7090798684 392685097 5120306150 283560147
6743834143 446634011 7448534731 493305273
803941579 198113204 538552813 132714150
1718583179 131638084 1443172665 110542502
2317315139 115458205 2560218981 127560677
2173399324 143543655 2533152890 167303827
3622983031 239570550 3278954807 216821608
267812135 130299901 528801577 257280325
4097492212 238267881 3470257446 201794377
7270085826 452525287 2535371312 157813767
1016526765 125761838 1995549349 246883764
1583828469 143335361 1433495719 129730353
2466124961 220888460 2953299939 264524258
6910690058 1705515235 6185712860 1526595381
5815282439 4385168847 6583411083 4964396741
3009029923 967385684 2664749161 856701414
2865841598 177542299 3384301400 209661501
5196521637 4794596117 1802569705 1663149759
2036290622 134940075 2485503176 164708309
837917462 399213957 652852456 311042345
3613545764 1701143555 3013901306 1418849827
4878913975 255461461 4415548407 231199495
1246571067 199608152 1130545333 181029442
2991453583 172666360 2662094409 153655786
5598811117 1106006089 7179816737 1418322723
1548910865 169483437 1344045511 147066857
1384930783 223457441 1556294013 251106757
2524370160 156179183 2787802414 172477361
3652967147 2782703014 1863387175 1419463384
1856073615 131250842 2588804551 183065356
4529208085 250092042 4079476951 225258964
1110587147 272453364 2177443593 534178550
9227863911 510667747 6650288555 368025353
2290297701 323643902 1124427985 158893868
3040163265 201956788 2607773729 173233330
4257736571 466754517 3853365559 422425331
3229693142 448811557 2698722076 375025615
4238756075 1979933182 3679732161 1718811764
1295769139 158831014 2391695053 293165919
3547924844 872595201 3042860238 748376969
2407327205 239242593 3578676659 355652477
1822772587 430807772 2269516653 536394622
8289263885 4044350277 9213698271 4495383869
8772475799 4178769724 7949475829 3786733606
4783713763 664730802 3737154735 519304036
580261413 278595404 482930911 231865034
2789432564 912072801 2328005390 761197967
405578297 348265944 448159241 384829766
4387955804 241704839 3815214026 210156103
4940593802 699280269 5556037276 786388721
868977449 423381218 1614781964 786750399
1526741105 137834558 2952805022 266579955
352247822 115175899 393392328 128629085
1973014283 325842237 2188456675 361422431
3221019128 657187721 1123431706 229214883
1840780650546 101864913865 2434993507952 134747398543
7256528869601 646104165033 6237824719305 555401157263
187115083283948 15525318321849 158687636325510 13166635337231
4675871368951 514457465234 3844340082063 422969174740
65819224306370 3860443172311 77570172529672 4549662292027
122375335158807 12094751261605 98297889789677 9715099247769
111172667987 5539049356 98865481243 4925858038
208913508768860 13835979015861 88818707206902 5882308790717
2712921429 168938614 5360680565 333819452
936480625493 115965794832 843158227441 104409542870
95585493881 5593061217 109145577877 6386511947
1507865301 213625565 1083065551 153442413
10639043246 1500620763 13275736464 1872522305
875394016289 171339737365 745577376213 145930894487
2392189541 131459074 3062154255 168275948
46967618036 11503351417 35128106710 8603607613
1265268296594 114288735871 1493944013440 134944480327
1938655172171 175108346946 2167602577763 195787940876
39009373770 7587273503 34919556124 6791809181
1588193213927526 1445094766988869 2215655711917016 2016022009577977
19902483199 6421363704 10833384289 3495297545
11877336723 3873442184 21815141234 7114363285
7033244064932699 1727726318017905 6365172945930795 1563613705978427
11093851063595 690509440287 14220270294291 885105706337
216803915231 35742026754 323337280309 53304986264
114401176391819 7549007160594 222825823671427 14703640220444
2109155891 520491040 2330594319 575136938
306210517487 73537602274 339642645919 81566453092
2094436946710 254058018441 2351039336552 285184233433
240324596383 20138472860 213864025927 17921157246
5559149813668 614280066479 4481810071498 495235185405
1296106489 160762224 1010500927 125337214
14538604866217 800457649637 17720598905299 975649938933
1322594431 645355846 1476713059 720557552
84062258911 10364659550 43991992831 5424099168
995329680664 52113279565 1127552176722 59036159527
32709923285 2164914241 28372574197 1877845735
49917735279 3823912357 25668914674 1966348823
1038853477475 57502088297 793954521741 43946566097
161383509668 26458590241 182631290382 29942132795
686174655834862 68259195880283 800011688720384 79583461881785
1758219056959 109365940159 2905283552193 180716427715
3357752927461 252015875221 4094096044887 307282048525
7893278498147 3760173784433 4100511522327 1953388054487
446943086449 34249321165 557762107433 42741400707
281114452089 263653333108 225287512055 211294022842
1389958461 137059043 1641479539 161860675
1890643247 187350090 2307897405 228697184
6522328435791 810247806320 5885505744967 731137379218
954476441178305 104158903616848 821210293477849 89616003200590
53549325573 4093458491 68741108701 5254760393
2677951036 873369769 1657035686 540414987
1663892881734 92074472975 1416912369304 78407366897
141978796893 11777283559 128544328469 10662880933
22863377825 1093842733 17826172369 852849883
172645092324 10096578557 321085752622 18777640773
182593807001 16484600465 110581382747 9983306353
265430559673055 65455620976434 230248386215753 56779638023360
59558017028809 11784119423829 53911474711079 10666897388521
2221000645378 137768198911 1988079049704 123320121739
1180770974117 58891706831 882732198073 44026832433
23939239470917 4738168803608 28227814159509 5586984022910
3230983565 229762002 5343883141 380014712
2883170993 203594089 3404758141 240425779
1482098406554054 134097000447413 1749952833351948 158331879205343
525751455701719 43515270320720 473350263075409 39178140984162
1439359896838029 75491824205255 1296210499318339 67983897121567
2102369572887915 204103813150912 2516964750532811 244353851851322
708785579953 54110283971 608242819981 46434623733
7090798684 392685097 5120306150 283560147
6743834143 446634011 7448534731 493305273
803941579 198113204 538552813 132714150
22383367977524 1563072864133 26336253903726 1839110354669
3989539514315 248314880523 2416107533679 150382130921
22353262276867 2208058876726 20006444171261 1976239803252
1092619109905 64072599852 851984221901 49961458330
887477763577 219001343292 1313642114037 324165178426
1718583179 131638084 1443172665 110542502
2088778680490 145807330659 2547895142548 177855984937
2317315139 115458205 2560218981 127560677
6600089255989 2162482133276 5869260510225 1923030204082
247151105275 15314716241 275683264697 17082711269
2015444034928 657272990329 1792378913922 584527393537
222201516234041 98913720054891 198983817441431 88578286716659
83439432535 13785973199 47723455993 7884932403
2261362413098 320649871027 1941147671992 275245023559
2173399324 143543655 2533152890 167303827
3622983031 239570550 3278954807 216821608
416656877531886 25880159548147 372916425110324 23163271988091
15252048327 1013073989 12919134751 858116831
5451258513797 493089896868 4556482226151 412153513778
1604036377977919 99886459863619 1313708080844143 81807153061685
397340036930 35930341089 476198698048 43061307839
334634288915 82196253143 120412491129 29576931983
18964498941 1173178874 25036217371 1548786572
81105258304615 16033976388634 97237016224793 19223118880824
30578041615 2524920014 23857187323 1969959048
15203652956 1671173349 12487924878 1372662695
348791812668303 19260894066775 290998442615453 16069443069591
1223287614815 75325982542 1492434802031 91899171120
11228603187 4824064622 9913338247 4258996736
840409615488 41512998745 959971541330 47418897471
1012071156802 146309047579 1980362226988 286289071025
3699052042716 366860640335 3208558796194 318215023993
55819827682775 3090407799023 61912243089799 3427708161105
1020606161177072 59804842938841 1165669981149890 68305202136729
267812135 130299901 528801577 257280325
126891569027 41545765525 147895156977 48422582849
104604521937258 47597537204575 93107071822592 42365924847331
288857400757 47578718111 333055711529 54858777281
4097492212 238267881 3470257446 201794377
22001709315683 1154634927576 19918613109879 1045315437794
65857052434361 9306844736450 77712614080353 10982259402368
7270085826 452525287 2535371312 157813767
14164230852 1733799251 18736209370 2293440859
18228273491 908585052 14603312545 727899518
5670955641341 425607472249 4865149526279 365131403409
47961066677 4339599240 26520470289 2399617454
20687002523 2284494160 10535789239 1163481706
1016526765 125761838 1995549349 246883764
1645288676909 81860005825 870111405515 43291688397
43495321738 3928445123 48914526352 4417901163
1583828469 143335361 1433495719 129730353
2466124961 220888460 2953299939 264524258
57146505928003 4060130790790 165446532165119 11754604215336
61251296952513 5080816618802 53133316906123 4407427319588
86655386448 5038995553 105738216722 6148658793
2725130518223 444984922167 2339243239363 381973620653
119752141883 19425411762 62082074785 10070549443
545388780443 76377471444 901149157131 126198954734
2491929453813933 124274731506538 2255402974231565 112478946236896
984903731526905 65447219012448 1135705581691809 75468058003406
224954250843 14935328161 274639473275 18234066011
6910690058 1705515235 6185712860 1526595381
1346684070493956 67097366482651 1879454337239594 93642183208507
5713584032595 394742461832 4576788792571 316203081106
2049198174359 145575434276 1709427481459 121438058598
5815282439 4385168847 6583411083 4964396741
61092588791 11982724158 74557583907 14623753544
141251076807 17503510217 161345982025 19993624889
7507615018693 1844425929282 8738764136215 2146887276796
7277790658233 1402886753950 6586985219069 1269725215556
90789562197 5997927631 60975210029 4028270301
84385664989 4200035128 102980815409 5125551150
30329049367 14278974630 25979376213 12231140164
108710438489239 9708905625559 81876740429837 7312393886079
54606060956 5428804893 36554058534 3634117685
38862789238933 2727995305215 34564498859083 2426274399271
3009029923 967385684 2664749161 856701414
143558075627 7490867008 401215850047 20935461562
2865841598 177542299 3384301400 209661501
5196521637 4794596117 1802569705 1663149759
2458162293300085 143996316214051 1648094207728927 96543460671215
2036290622 134940075 2485503176 164708309
837917462 399213957 652852456 311042345
513188741610453 42544904533391 464509087488991 38509213433043
3613545764 1701143555 3013901306 1418849827
238154344990971 19763530708643 210403814868433 17460618896227
863902383616 164665944029 1286338493162 245185273631
3773176837226 209042646241 4173279653084 231209259417
14366759389 4599245685 27902189209 8932356967
536848227630768 40800004475437 197576846784602 15015670757879
74746599090583 5722333510555 25987325745735 1989497137981
546474921422389 28575106801742 279861708357509 14633934500084
1517224752572 100065856397 1215275010038 80151298897
2385240314683840 263312030675019 2649496450686598 292483858503379
519766412099123 122390308416821 458796277231863 108033563854427
1827348304397858 141464657290903 1653900491572716 128037148512137
101065124799 32170752868 52535531183 16722955558
8657050067344783 713063435323542 7648354445349911 629979248467720
3135608736333 163821585854 6123041276417 319901625649
872034145419 43493509259 699525103747 34889461309
34525330636 3405223121 30653867286 3023381839
44785496617904 2339762259463 54558493308926 2850340248909
9634663995581 530419082955 10698674064393 588996241973
7168125733 2341031839 10366128839 3385464843
77761771229059 5117091594016 70048400023939 4609515360458
14872417156399 2453667093468 13334535024979 2199945674830
4878913975 255461461 4415548407 231199495
1246571067 199608152 1130545333 181029442
17513461070114 1021718149157 26779872794367 1562311524637
17956942334 5530720547 15729493988 4844668651
12209273503613 1210911812438 15242695633261 1511765641932
308306745002267 100011410719953 115061599283955 37324752217139
1147523011426682 183732143749621 1298831478036440 207958436957559
2031503451113993 125049195662551 1806512243264475 111199861782611
759433596178 37510948059 1027211455488 50737386055
44116526605 5476694129 38619978583 4794344121
2489658598229 247514597295 2228829797105 221583758537
88402519951661 4409137316955 78610075709945 3920732333093
1493586782244 78369987869 1328205061654 69692244071
506540206529707 83695386835834 394595430388233 65198807052760
281629321545 15569153981 252094747327 13936410873
5086013887823 833920042138 4552032151133 746366590224
72765970813856 9033279670423 89546440861550 11116433062683
791385941360 145067851123 1551256108134 284358589643
126440803242146 11433911909823 107462870614340 9717756963533
6726676120959663 335499973505947 5981690435488067 298343036967969
266699789207 14772903122 144795036782 8020415229
19265823225 2375493326 31809274027 3922112088
19191406091800 1909743490383 16487468474694 1640673718321
1199548860207 66280460852 1085581717471 59983264470
719176857888011 41827894800272 364496433470355 21199400824778
51866146783 15942419590 64745504801 19901227836
29935470523 1657396750 26238843135 1452730576
2991453583 172666360 2662094409 153655786
5598811117 1106006089 7179816737 1418322723
7294566627650675 604027035779641 6264640397028997 518743931256889
5369123246132 410390069187 4548332401274 347652747623
1548910865 169483437 1344045511 147066857
4877213179499 433677760415 4393906827547 390702559497
1384930783 223457441 1556294013 251106757
2524370160 156179183 2787802414 172477361
1605743428817 93853067624 1077231912969 62962437062
524725598656507 30738858350409 593281178913297 34754900784853
386704939889 76577232584 301444425739 59693522166
218236568131852 13574935292387 197547596223490 12288022391739
174337219372486 9647414769167 147661743569920 8171256206133
3217511271971 398899874479 3746962588525 464540068363
3652967147 2782703014 1863387175 1419463384
73796569464 35539394975 84292526662 40594101057
18556743080722 1027937541685 22703413000288 1257639362999
2413970808878655 126317798848364 2999433718712713 156953789062326
13567428449559 1225491707536 12163193967185 1098652806562
3114405900925127 513746139029226 2432965453196837 401337092124080
146895737455 16027647009 204697874433 22334380369
1856073615 131250842 2588804551 183065356
23311789615 4614096621 34569953997 6842422249
66399820538559 13124265750295 59450560837007 11750708858857
26543949893953 1362499455704 31334162761927 1608380812902
4529208085 250092042 4079476951 225258964
478686327735 26353637678 528876137269 29116791708
16372509951 1230870953 18086020663 1359691187
442523605077 33753892210 313516008863 23913719964
6764643601 834387842 11315267182 1395686443
12666061158959 970001438153 11092518562935 849495263267
54333574294 10453398967 43526677120 8374227677
234502448137 15430003628 208549225159 13722310050
4236370330936 234064242089 3395070283162 187581464931
15513411267444 3052229596145 29312586637949 5767187044391
36569865103 3011992486 31373794325 2584030116
41100245152396 2043782008453 37198125478358 1849742241657
1110587147 272453364 2177443593 534178550
69885612299357 28176142211576 60489876420173 24388014990478
91760747684 5684666317 83067289782 5146098263
454902989235007 25052410163919 244743992326139 13478537239820
530146329732 43996667641 592288851014 49153854821
415216141133 25432337045 369362533965 22623765131
9227863911 510667747 6650288555 368025353
209273703289 16025842097 187349010819 14346884569
2290297701 323643902 1124427985 158893868
292785181103525 39978408885973 245676124361649 33545893669319
107966843211 21209773076 121418565283 23852324846
12424818711033 941813824388 11050016717785 837602442866
287881108161 14909857420 147437190859 7636025539
11156796361463 1097635293973 5839932884783 574548126639
182091452196313 35763186652757 161920843042637 31801631888039
4226072451123 466692723941 3488676482113 385260770897
40511621714711 8251316202448 53668920171493 10931165227042
3040163265 201956788 2607773729 173233330
46918151203 6776589956 90510084096 13072759925
4257736571 466754517 3853365559 422425331
2595406227734693 321579776800700 2880700460863601 356928715564786
3229693142 448811557 2698722076 375025615
2377682274021889 168978388021600 2140503734977543 152122457505182
12703816507 1578173900 14036980327 1743790614
3862130322038233 425775812130313 1351405611864345 148984051269751
489753722431 37413540118 810148476663 61889315272
4238756075 1979933182 3679732161 1718811764
49910914898767 2619314352081 25360794479929 1330929178441
837210656705 67917089814 613404128183 49761219512
110721734240696 10018162262885 83686212757282 7571973689883
6859466432773656 427307513951863 7579650716856086 472171084469261
109285411603 5449969989 130932073715 6529470511
108302595865 5681515638 203232475072 10661503319
753912948598 106940692781 940093112404 133349889939
7305817459309 2357463906477 3741776818802 1207408184717
761267816565372 123963981589283 877791964300618 142938640691161
165458529344924 80378931884005 86999023392381 42263693524396
8773454177 2140317913 10019463935 2444286789
13983759476565 1378841423762 15725305750981 1550563209208
8998300984 4354730141 25876287074 12522835973
34227942494 3375187775 56553422884 5576684067
11366566453 659258359 9336041871 541488379
1295769139 158831014 2391695053 293165919
162982081657348 13525629746215 142679439536202 11840745018961
13682318758 1677158071 11414489600 1399170981
3547924844 872595201 3042860238 748376969
616912572940623 118696884974767 555525520175999 106885726861697
12859834431915 1276915162931 11511853988407 1143067664601
658701427023508 53796183862587 876262038426018 71564371651633
232485664133 38352899208 157443723995 25973314526
610703330089 100669687470 703492122521 115965197212
25459483575 24190444622 72477355141 68864690076
10011985858567 817520956866 11062687541289 903315189616
2314310027114 128199878933 2042973486792 113169346631
79517973397 7182540529 99268207993 8966500235
68800706004997 7553280166192 81235544129457 8918437904086
7230513329682 1183467438931 6270396462512 1026318561935
3978974476444 303183569287 3413216059810 260074809197
2407327205 239242593 3578676659 355652477
4301900161381 356377891093 3766725281045 312042948843
174778219451 21705534760 105800423919 13139250338
1822772587 430807772 2269516653 536394622
1046472299082488 148439770329201 401157180023418 56903254601957
160707478473 10080899308 143746437323 9016962834
7176479431540 446792397313 8018198519574 499196043529
359905410764939 29768614584469 124292551931149 10280526392461
192737629771 26833211297 218266710247 30387406767
2534088251082 148483850545 872310874352 51112694059
125269942999118 30805748422697 144341824989400 35495808819261
20206241154338 2698740186243 23059193505192 3079779742283
11166660820740 584663542813 15525318499454 812873952465
8289263885 4044350277 9213698271 4495383869
1805795377961560 99422967883583 1508335132777094 83045486379005
3418691480143 241751962679 3775941277741 267014797959
1549598512587003 102851590763560 3008634373397021 199692261457586
687746676481 48696587196 1977004850773 139983794026
588689430956 41636002817 653860602726 46245338315
200811992341 10071945532 240673637807 12071250042
8772475799 4178769724 7949475829 3786733606
302850340776535 26367417091844 153480968877543 13362694959094
4783713763 664730802 3737154735 519304036
2807410676129 155489986436 3913739237155 216764603082
198208847503957 32733369081231 167971739772737 27739836149785
57962803649583 11440920322295 52223323304251 10308039695621
203583313659 13492240295 261338912179 17319923417
28836560402693 3158794818095 26096715403937 2858668587241
580261413 278595404 482930911 231865034
5379746380997 382458235899 6557046257611 466155124571
29093843572247 3174364075165 34349704539187 3747819287299
2789432564 912072801 2328005390 761197967
293768779499981 29056926082712 338748837376069 33505942820046
31763147525134 1759745413675 26898730151280 1490246424097
587769172126 62326995505 399828582796 42397790603
624285483013884 68963507487931 697945005132194 77100520350443
8907904097683 2150799560001 10270339809071 2479757538943
4375993871011 1883296207220 4887089478749 2103256391798
254953902409 15694003787 154030434793 9481534521
2115642231407 334519238255 2640470634745 417503589339
2135441022725386 112082943703663 1292360926703852 67832178669909
405578297 348265944 448159241 384829766
134066098809963 8854590975404 116585982080689 7700091178558
1327614835517213 325672538978640 890260252415565 218386620124646
13516503787501 748734744438 12169035442749 674092930060
49129035805054 4435831441791 44240278755296 3994428473521
29333812159 1718349910 34201516809 2003495932
15625454774 1399466237 14008464340 1254643347
1562050789182 86091914197 1413674187320 77914186709
123302134246172 8775128598345 241276232699926 17171073174119
224122974141 31696651919 152317381831 21541526707
4387955804 241704839 3815214026 210156103
2629907576088118 213377842697961 2065947662643576 167620892608513
11329569415 2769952473 15655147129 3827507641
156847800199999 30857912622890 95128891464253 18715461848832
229574620065437 55137758074194 153882024474991 36958396511996
422271251661 41848467355 352307691905 34914848893
1756073430310846 97290995479331 918986104812612 50914199500795
350295290707666 21566519773121 426930818748132 26284715177545
1122060418898 158693852507 1323797817704 187225725187
18920184740 1240367879 20904364138 1370446545
30922652092269 5077276266257 22224745057177 3649142714723
6513412835429 432204980649 9581313370947 635779040069
183575573896867 18064542468152 360892272919211 35513187578210
51195362947 12558856006 44820741877 10995082580
35170892843 3887230895 12761406063 1410442781
3834014558861 380076113749 1952845905913 193590835735
60416496700975 4290033234146 53389345689987 3791051779996
89167318837 8807439178 53905015447 5324429972
17975202697 1277537517 9103659645 647017279
2355430137384 132308181715 2061962169374 115823628587
10250678822119 681120606828 5263338383893 349729837037
24305492337 1862511928 29661227705 2272917974
306805805218627 20382661639721 340777902111069 22639599886561
971662368619 53696724384 1246830959617 68903294554
843580062152 410349215817 954241301226 464179023695
28252548643 2341429214 36248967631 3004132224
63659479621 7905670522 53918942681 6696023880
15980578284787 988573021077 9667022542559 598010754643
6869012038221 488476400176 6112605453383 434686020486
41174924722 9182757595 36720370492 8189310929
602750304005396 49552176482211 311720268944511 25626561574795
140974039546 8148374899 156480678176 9044666907
740443206911 145856044284 984152918013 193863148790
3863153168818431 375544099728427 3436272426644117 334046251466747
57827459118071 5741901718314 64217463975009 6376388870744
33976543963615 31864874148351 37731061928297 35386045770763
897347866813 176762316359 543106150893 106982704045
4940593802 699280269 5556037276 786388721
1229641323798625 93790808812982 1076526961183611 82112021159536
13256221891 1078871131 11059015817 900049275
484932021969842 37124530649379 438855977466696 33597125881571
50504447459 16064369871 45202048941 14377791851
868977449 423381218 1614781964 786750399
1526741105 137834558 2952805022 266579955
5544841530838 324444104177 8110929021120 474593022301
703429370558636 35079752127569 609983613459494 30419648166019
275512162089 30954506642 238904993833 26841596256
352247822 115175899 393392328 128629085
48289070062134 2824651470643 55655578398212 3255552678271
8685643681753 574842508160 7666677282043 507404190126
221667297379415 14540394877757 177057465191491 11614187073939
124232373370 111910662393 153532120244 138304379197
1973014283 325842237 2188456675 361422431
46521007729102 5772949668101 53630463890132 6655186201415
563342701686077 39930301945895 643503380497359 45612172145939
51522670480 6384603143 59413132734 7362376027
1333043437396 1266689896165 686577078398 652402032633
1529827501402 76301245499 1045979985592 52169003103
1023708955730204 53324592586641 840657599382214 43789520196143
819235513963 58273161803 905022094189 64375259655
48003092846927 2987785370732 34462646849661 2145007456550
707765230974921 146371460790659 613709143170415 126919916174323
1140948618905926 352305496164177 1027131754660032 317160787484437
8689066170908881 509549116712653 9770994950031397 572996194097519
9408594120 1544867087 10447623766 1715473097
5794212503789714 478447686441835 5243918349205964 433008040424217
1193147219048445 148170419999023 1009873644538649 125410678303865
4325832353844596 308487510911001 3871335157152254 276076012393487
227390955269390877 4833216861304922 244221274387938607 5190946930421076
4561194898723541 126313297007415 4814419130119455 133325842680203
7103173959078733 214904042670205 6631197386155901 200624556605091
437125629561038538 11488208373209581 494861698613058332 13005584493629905
109309937058473699 13482534849704733 114510020489177017 14123924900440241
16934892384104938 563774652129923 13867411915502164 461656038389865
994438720324130695 28394923739764301 931282368492289277 26591575019229425
906114880070204409 19687720093939991 648755399935103545 14095911019985477
8806069196409511 1745448099825089 7208686989883855 1428831494289963
35137169048599989 5830637474901787 33385156606450097 5539909744743333
5761997195898978 570087877997981 5481160095743488 542302056337967
555062764608992123 25204161728483890 624306120577786305 28348348032693776
5210781392884467 472793552658955 4936908161958155 447944017039469
41044731236743611 1951111492833566 42828265146047497 2035893958291300
14020554280805720 821721462240391 27376922676688991 1604516089947209
21648208217867131 2388824734320393 19486157745110155 2150247961859923
46259534551325347 5117229577156048 30890885523108073 3417149666475866
23408292516601744 570631601059425 24784267801047410 604174200504667
23287714634820518 2581550523043875 34846717659614052 3862919295053111
50810802978524764 7225418267020955 46291752832398922 6582798478288197
31611275310846016 1169618235785071 30107601542685278 1113982256451171
712248926166184271 26060801097720834 679175899020401293 24850677009805160
5699904345429069 195807318108883 6025406726019755 206989215965227
9321107599570764 404429125023475 9798626579506178 425147969986307
5102296791044687 169938731276339 5510040028286545 183519158143119
79458811173826874 2205731090294901 76151018366899728 2113908656423699
6807446586189640 194375146538717 7276581815629666 207770511131643
119842626762602265 3868336783004251 125985255048404537 4066611433553769
303902262778284151 7779918902336635 283670143471380871 7261975251667133
11200845340869536 415164295078373 3849903068401210 142698362924523
1962459850060961 314425068188394 1877176687081165 300761010636128
808091961776406339 26039567292782578 843976656281767973 27195898455017128
33346108401394499 2080738229042314 28419912771537201 1773352328192888
7661219092269193 508964500348105 7117191894003123 472822663415041
14927151885081107 1359534666883587 14330692599200557 1305210366924551
230196950572229632 8518126264636941 241701054864018826 8943820057171627
12214717043185253 941201394257859 15623774301783659 1203885288903443
6234061813560366 1240770323035547 5501746681933648 1095017055004769
54136906893824771 3357646559541131 27228486705181639 1688748765910617
5463859124916449 139921328792685 4825216467382147 123566637497957
32103098540366292 1566454022763083 33934494595881490 1655816042283629
109493898097094494 2879807078985161 92740193669967188 2439166664798039
45599017605610507 39916456113438986 43135621630205473 37760049188343768
3783302039562379 1248115070191175 4322570888218373 1426020394654787
57065029541925291 2280661071418240 53982945043567055 2157482476915578
10669589791093698 313569253336807 7637158993855940 224448951666061
413629627394977104 31630848711035561 435380542150127362 33294172245860145
273413736798838097 13003838563667129 333819623424889955 15876804666896569
2257363058470167 138927586056986 2117006312803843 130289443517588
152280490148605172 13690234538155111 141796399571300402 12747699753938835
20777003200901142 1855242877063321 10444569582217592 932627922036465
70992479277061778 1478201202212241 68096422723541868 1417899684041837
58480408626569335 2917950374131983 63770358833845729 3181898806589563
4213518530450674 299840297288945 3847787311304904 273814315277947
108118919716504810 5108125575706397 113491680031495936 5361963982981539
451361980193597149 9503455917688236 376295250772639945 7922921036059282
318917043395944364 13769348166054021 334460908467272182 14440459649260505
693395555075092085 30110266859696483 732924367182941689 31826780720367621
16435265252632171 419890459362467 15705235703708239 401239562164641
476790282745065233 16970431382625673 499481725525459875 17778089564039081
37949595851092854 1113676711581569 40866553518941092 1199278356355299
1883423252427374 144374716069893 1961865201482804 150387721435655
18848628969220780 1342498928011917 21504567526008046 1531668902718031
4951548349473157 606387861398338 4194245879993951 513645350876748
125875423381260517 3588608247373756 145185949677384529 4139135999860466
7054549700939117 782097965787022 6627458230709903 734748753685392
1403180965451592 692933508562303 1502547739444550 742003848762719
425724715896108447 15754020010600874 397420623364103431 14706621953871836
437125629561038538 11488208373209581 494861698613058332 13005584493629905
109309937058473699 13482534849704733 114510020489177017 14123924900440241
994438720324130695 28394923739764301 931282368492289277 26591575019229425
906114880070204409 19687720093939991 648755399935103545 14095911019985477
555062764608992123 25204161728483890 624306120577786305 28348348032693776
712248926166184271 26060801097720834 679175899020401293 24850677009805160
808091961776406339 26039567292782578 843976656281767973 27195898455017128
45599017605610507 39916456113438986 43135621630205473 37760049188343768
413629627394977104 31630848711035561 435380542150127362 33294172245860145
273413736798838097 13003838563667129 333819623424889955 15876804666896569
152280490148605172 13690234538155111 141796399571300402 12747699753938835
318917043395944364 13769348166054021 334460908467272182 14440459649260505
693395555075092085 30110266859696483 732924367182941689 31826780720367621
476790282745065233 16970431382625673 499481725525459875 17778089564039081
425724715896108447 15754020010600874 397420623364103431 14706621953871836
89580091780025985 22252461957194273 100101489713009419 24866067308427241
369966429662523889 19431057878112607 354242664069366525 18605227816771057
311694449568054766 44384000545114337 380728031014791320 54214097041247693
117470324430904265 11691415338502691 129168768802400207 12855721069538419
82175429577559060 40474838278060707 70692486632706626 34819008292889293
631312944125744689 13141039099183055 674764144432419347 14045493740022347
325643580105241307 36028806284535587 366255094908155991 40522014470254745
988332823087988373 20881619225451590 940151569457599843 19863639685956816
75442799794460409 37207009086150992 78869917903837603 38897201059173086
351826519423084907 328512425252677085 331168731172468435 309223543534225839
926107455406571660 37012814676028429 874735924335832438 34959699837091765
392986965413158323 97570728863391704 337130490830791309 83702694001188658
410839421907643754 11396421557336367 385955765572524632 10706164920896423
509200383698377127 13047132634163368 478568802954058439 12262266185590650
895865841490738665 40684205230115221 852296936796250817 38705598414063067
583346737837996105 115641176721898053 540173195686108999 107082563304086809
556240947932535481 13897355866040930 526982591072470151 13166352873810188
303565198334826227 60140848723286525 289774409536259609 57408685262326849
389693568931402535 43169724370429661 406624509523977857 45045310977408685
731192459045423533 19751323810101819 699443747674619475 18893712286513531
463348855162463187 23109727200633790 441302704786688555 22010165789546104
230326069245140031 10921230499125808 251244591633797315 11913111294280178
807362075076290211 53747962167279604 871888135289425211 58043611356413822
462836849453863727 11280377297764291 420798919352053989 10255818183845411
51069558622793030 48651954231668563 59547733501720804 56728777045515655
156050256558805294 17287032415234833 148962235395308508 16501831196632123
245744945559644341 15306151289875275 232102414646864995 14456430284821603
280198494292165629 23306737848235012 224772889974055355 18696470283502002
652491844293365101 15525018560093808 739250047600634133 17589293735892262
678908061470871519 454846784309314828 743463703068762743 498097008686102958
365200998980052401 22709957600750360 395605636585550293 24600664452088278
295692116743923145 49115384356879173 332557826242044899 55238893875928645
479064989228915939 17726327497946108 512009487116564643 18945337385835878
312914635514103473 62293324917985515 300164194208315979 59755037177611271
392226952489319711 379164806929863448 294500174345973981 284692576677894026
280691191963477125 135157454921983079 210695756386646413 101453494129543845
412773345171929485 12888847962919798 436279685335001929 13622833449313844
262796259375514181 43456294115448017 314878112223080625 52068609681885683
103563367126080107 34067817292346346 97972892312255045 32228795639999024
134903747555961981 66658788411407794 129615609667774619 64045807890367764
69288869684845473 22273334618721557 58647632607781273 18852643312128683
217425296426810317 11324884747222918 236312755637085579 12308663094266560
607503373248200073 99189370841369344 520838638265743991 85039292149490574
92005936117689238 90166583383872905 97113918525852356 95172448669998131
122226480304119869 40461298058476841 129849782749088513 42984881423131699
223886409497203305 55282717110686122 250166852881579391 61771964584101940
32988515297748479 10889536558011464 37664134351627717 12432962327828634
645259173348234452 23009275509194063 502395187921437922 17914893380584467
117548782353004156 111765141561707113 124260048674227526 118146199837558131
860134180566832699 71306961441803122 950204476553021757 78773981434784248
615637739444034214 14647159404983237 586362500121195280 13950647366315997
564634115026439967 33099375261682981 528234722745406463 30965609142448903
313762684394221334 12057935164133997 611065500471165889 23483315742106498
530200072264209054 21186291903083593 554288917724092508 22148859315309523
297772963117517999 11423617660579759 271919759062126077 10431797868286559
521689070974820495 22644357339036377 586787499188878161 25470009921587561
858522952217657867 114639144880760657 900372172932008703 120227299354938407
984781693154621141 33932051481454757 925353488280764469 31884368303297291
468459667280460722 27513908434792359 782123082265101385 45936212598845287
183513155361434661 60721500320706670 92564608722743903 30628114410512528
346613623439908937 15522080394201567 323537457756423971 14488681604580515
698361306807725262 15854008817804899 664312221924125972 15081035735360923
950714339987420291 33928410715799258 860293000033226779 30701518861533780
772492270272023471 55071798541756841 812063188292157205 57892851527244693
551379524045547022 30569354028906431 643110030457823128 35655038577352053
69125297063180618 67560174704644075 72754804665985596 71107503658807061
387620339057763299 38676131319901992 352504584264253245 35172338028010562
814539580598550122 28065592346487615 857335418282430196 29540156091664529
564828763654586050 43372683140649903 521546444080106484 40049073485309701
94852233882484146 31166749384176443 47712403926478768 15677443480514207
487491595212740365 12762051017755924 568480981970551093 14882273593591082
282252877612032853 21601207481202424 250982715609024779 19208058248809998
13812573251976848 13536475073487837 11058648868389914 10837598615593967
299219007885693949 24873988221545938 312197277851125845 25952867991040792
216397205073838666 26933644183949389 231786972230453300 28849114915323453
538650663634646385 25563444256331389 570246650733745073 27062936059574427
496295705530 15027733053 531661401924 16098599149
465074959319081 12543886013741 505457842155193 13633083075531
172797422411761835 5077149820434866 105930765145268507 3112467522543436
7231450309 1357151763 8341317783 1565444503
556098993638353 78742995204094 490803377671499 69497209051368
35945889688353 920009914901 38592853390963 987757100237
169447055308 42825029737 160296578782 40512393329
211442144450468585 22667760224907814 239448188590456623 25670162111548472
534735453429 47992529851 483913337273 43431242749
8794552801 568067273 9592065571 619581081
13860532953074738 532022021043875 12835722046969352 492685729192771
3433802517697 566418546519 2293947255875 378395165059
240321628525 13329441413 272253629429 15100550147
520075040425 23588785637 451189116371 20464360949
3244322982871 213594840029 4167035358249 274342984789
109729381564 15564592177 117848902326 16716307675
1522050519072028 302578710101993 1797894556205246 357415610651117
862236656826216 424495404406777 771597050570714 379871812950661
60734236521 4328204744 45649783567 3253216326
15869425289 4885488124 14284574945 4397583402
572612132243993 94459008708495 620271517929069 102320976826121
358154097117607 12297355016829 500435539939141 17182641626041
15557674061 7186528987 13223502685 6108309313
33340830468 979413647 29844185962 876696909
9144710375081001 240483869372966 9682195945252531 254618446012944
695507994207069574 23146992003745645 569509440846829156 18953672111803907
2124310768661887 53057075318682 1419121411727509 35444169816928
15072510875 790546503 16651559209 873366887
265223412531 10597493183 296357024569 11841494375
30785958322 3409849971 27382399740 3032872129
45141969177416787 2651310064997027 51579340262132179 3029394297032813
1862857482987 53056809496 2275620078305 64812870594
61134655190998 15138411212009 69261562171628 17150828872175
39381685372 1786681943 53763401746 2439156633
60393823317589 2079986924804 47017913536029 1619315354026
854511379689077 30383508221698 1538991581279205 54721288065157
56776762361 1772429204 59686376711 1863260122
1227776537275484 58189402749193 1155645641607766 54770821589479
32994190911329 1937919246467 41203347131235 2420085391367
959102155139486 47757292702731 1018781581913868 50728955145071
1495321864217701 51444783471489 1598325146787073 54988489810195
81317793692951 3248777338593 86694816668815 3463598100443
2208782192979429 61113557823703 3086051096323997 85386219936741
47473306817 1634611111 53785569083 1851956283
747286453714619 123691081015780 700742086515071 115987043206062
912238133592992242 22322441858888381 710635087454149724 17389220904526301
98757990965275 10586608051086 92426476099907 9907885594360
21638654940 7100446781 19238657062 6312918293
350786608739832127 12510930555900110 376612841011455435 13432032417888424
72384537360465 3424126901027 77538182943631 3667918422299
221253551929803 7543958083825 626977832771333 21377710995641
19503736433319456 811304957110517 24363340626003802 1013451914161497
4517879828755 140848348613 4927716030959 153625304723
443594313107 13653337699 554109512541 17054872151
27531486334309 2482434559079 29101279422191 2623978265243
8942800026447 988161510019 7320714294011 808924282081
4207654131252783 107613939092399 3827598268170319 97893722737713
10980713265 364515416 12184640107 404480934
38974119437820119 1081050280169693 51732453708590083 1434936424022643
22950116000388481 954449440865444 18495081573708051 769173465898282
19718049740583993 635463802381916 18262333762360309 588549689531994
1126842277915141 29618364178457 1222776096227545 32139926267043
758585726174735 94386665411029 459136910638663 57127890055135
465246506414 111679157875 501989521264 120499060657
78905225360 6012148869 71031875978 5412242483
166232039239 7538890441 130275063925 5908183757
183991338357660819 6807496680089192 275039746304763547 10176197295889138
742267189938729 24718721997811 829084260639461 27609873680661
20505382621 6748719828 21782651893 7169093962
550122619434432 36608963873983 628547288131646 41827883732463
3216922389446 1584479802743 3381569564752 1665575984829
312892130157 8932937072 289800236791 8273673350
97191928120521 3347845683514 89723168937653 3090578915840
930171153590000 44206661441519 866202762510158 41166544580755
122302120184585 3920146926657 162844831248051 5219661472553
11593556937978052 399153206529019 9816432447748090 337968796733879
4261696504876522 141719828727305 3859613937631652 128348845481789
2887623930 131090279 3410821768 154842039
77251069993632481 2978796882560604 99218464202592249 3825858358770874
171756886106426 5362480825039 157517731617048 4917915284495
9451791112894064 314797915299457 12133209082153362 404104246415663
670199162381 26778237898 625574247093 24995220752
3527309132598 95189990543 3994200486580 107789788831
7128941805251 263644831174 6669626012431 246658265992
191510456314363 31261663517751 245882639186655 40137235736581
31627316110744957 3501674833393226 38570270701468703 4270376460638468
2034685687 331346686 1894572237 308529340
461095786530383 50880738269985 418177596568789 46144826005661
19814885644 582351915 17517075970 514820167
460000498428938233 83734884735782468 642598025642406999 116973507186146410
57563096023 9537330780 67982334325 11263640326
5525320344236424 162369205402697 5859626551524826 172193257196405
7265827937149060 360740651466219 6851410851944218 340165282686679
17584926995115 1031523321919 21939910179323 1286984531529
691580265788723849 75455379497168025 585474393655425435 63878619365695577
30554192461209257 2169587438280678 32522100521644787 2309324353698512
892977945459538345 24782906689436872 974013270855033221 27031888221440118
6542078076488943 284117233509515 5919868811440693 257095181344651
532956799294142 13301790053327 444481036910056 11093569766805
323655635033 158074565479 342047019143 167056983015
104944481384112499 9335507562463592 171754124762072707 15278668391641458
18932634885105664 511309300807707 14244443438504998 384696396414781
68256949112086 11315564630537 73938296441392 12257412365157
23552025676997763 1067560072735657 20633961019132553 935290799547813
48563956510 16011534871 51596049732 17011215907
801018795963090493 94405362580152306 667996719077215655 78727831087926796
34424603281 5688787539 30139298845 4980625813
1677773579861316 93025332099293 1763748507871390 97792272243273
133261754129123897 3495348035726691 121773039874029787 3194008352281895
1523663840841 72364602016 1447946614079 68768502382
96682077726871301 4580927841069870 88302906417380077 4183911351155588
1435973224061 40990080368 1594792225201 45523593606
3480096004735036 573660365788199 3255953703515354 536712662526179
166697808253825693 4895690357597953 141145148950043245 4145243131717031
9291391426 842606721 8651156236 784545829
805433753295665 30935775921912 1349086783306818 51816858005791
268217355484 17829588561 296411742006 19703793571
3143620694191 92251413177 2725341933331 79976774935
472755348795708543 21429978453866050 525186839986755917 23806695564292136
81323922077 2689151997 63323249597 2093920691
58249197625661231 2006865342933981 63092107683107929 2173718600135837
365972118175062512 22827298952165181 544903073239279834 33988013662933121
5191793020120351 272853680571042 5457641162543415 286825278408628
2680529216 204240079 2014169886 153467537
13061583350348327 686211059048656 11323253785579305 594885150112514
32119413592 2290159619 30336498750 2163035269
5485415833669129 681975059931143 5180378857085283 644051296866523
16666805550 1833392303 13722820384 1509546217
7269693232712941 185222432838281 6362646633498713 162112052190011
284627438975147551 47097601262352947 144261502707833882 23871102366327603
3874270899 1271282716 11235937361 3686900926
3945584095237900 183598852735443 4380545116725314 203838782388979
29735308199659 759227401427 33974580144697 867468129963
126331850443902327 3943627370773393 117633563683817819 3672098048394495
4295568179 126185858 3910321123 114868908
112413452988 21360417583 70084411154 13317198685
121253124029 52629367841 258741229195 112305455517
35998516637766863 11023132074993414 23336500824360468 7145886963721177
8175343731756718 6899685522667695 13024706791314635 10992367273310318
19421685408009349 8407133976485249 7376815289367071 3193228247426873
5333959341205 4329333301696 3738584827917 3034440040006
2422591411375 447465811349 1276853879923 235841857059
634051945 487055828 1183320749 908984306
346248147310123 66944032686720 928988179127709 179611690379386
19970850920150284 16828340509138703 51610336945675842 43489199703398461
468314431 141273996 986042079 297454222
1626850630972217 390015859885685 1122359758165043 269070864803509
4800624214398443 3876190661420307 3368495217151311 2719839987599825
4747151871481601 900693396624900 7696001061701857 1460188661402498
21623138982705 5159357807692 11308530123041 2698255476714
1323140243403446 1073934104614009 698810519227588 567193427154115
8243215145351692 2544426269776843 12800221632629531 3951033620588446
167941309924428056 75020686755679549 237533605680991538 106108105467079935
42409414460457 29277875188489 75289643749906 51977156976569
4477631086315 1016005465367 8529931550361 1935500470519
115773282085581496 21879976633252737 169457135891948170 32025680769013303
879253319036644 275552448209987 1283132167701602 402125533713713
494082832095493907 381970239698598742 318369302912233325 246127958808651407
71294851699003463 16942814337775000 27241177501629807 6473710257523946
11342582907519 3505139353264 7405199005127 2288390101554
1602778255822 336629883915 1085035697896 227888942029
15537692697105992 13059778718120059 23962927796833715 20141377524040352
12006428079 2834427845 21147967658 4992524671
107649790615525711 25675865604896646 175087606067255467 41760655703658880
8867644335385334 1714481130401227 14354344786902932 2775286462292343
46881205329 8094999410 79839133033 13785860032
440512681215892985 102707861611277008 695311034877433409 162115445462024382
171939540940 38569955337 63967395086 14349343717
43300845971 35844550105 29415015749 24349824633
56612267602695298 10947433122881185 100094683353415795 19355872823495913
7360621916 5669288293 4256550265 3278474409
198239414084 62126672777 125264511694 39256912479
11155511969428509 3496950044540383 21210194974302725 6648820104658797
8881926258066552 3305880022799999 6029663907277846 2244259282964051
1488822757415 258118173812 621826196041 107806413726
6628410210343 1234461764638 9758025502127 1817315011968
417622987549 190445999129 217983840747 99405807589
514800619858239064 399180096527423095 986038390886295414 764581247322748177
3857197559 694907282 2518191081 453673760
755562536966117629 180402173587839384 394831157947758509 94272010070786926
8243215145351692 2544426269776843 12800221632629531 3951033620588446
167941309924428056 75020686755679549 237533605680991538 106108105467079935
42409414460457 29277875188489 75289643749906 51977156976569
4477631086315 1016005465367 8529931550361 1935500470519
115773282085581496 21879976633252737 169457135891948170 32025680769013303
879253319036644 275552448209987 1283132167701602 402125533713713
494082832095493907 381970239698598742 318369302912233325 246127958808651407
71294851699003463 16942814337775000 27241177501629807 6473710257523946
11342582907519 3505139353264 7405199005127 2288390101554
1602778255822 336629883915 1085035697896 227888942029
15537692697105992 13059778718120059 23962927796833715 20141377524040352
12006428079 2834427845 21147967658 4992524671
107649790615525711 25675865604896646 175087606067255467 41760655703658880
8867644335385334 1714481130401227 14354344786902932 2775286462292343
46881205329 8094999410 79839133033 13785860032
440512681215892985 102707861611277008 695311034877433409 162115445462024382
171939540940 38569955337 63967395086 14349343717
43300845971 35844550105 29415015749 24349824633
56612267602695298 10947433122881185 100094683353415795 19355872823495913
7360621916 5669288293 4256550265 3278474409
198239414084 62126672777 125264511694 39256912479
11155511969428509 3496950044540383 21210194974302725 6648820104658797
8881926258066552 3305880022799999 6029663907277846 2244259282964051
1488822757415 258118173812 621826196041 107806413726
6628410210343 1234461764638 9758025502127 1817315011968