7 32
9 7
5 28
5 16
4 9
12 7
13 9
13 15
1 3
17 15
17 19
1 5
1 3
5 22
117 59
8 15
11 28
1 34
15 11
8 13
17 16
103 57
4 49
314 209
5 28
13 21
4 7
65 64
1 7
68 111
5 16
11 72
27 25
10 21
17 33
51 101
7 10
59 65
32 63
2 25
103 122
13 22
17 26
875 729
3 16
1 63
13 9
16 15
29 13
10 23
8 11
39 40
7 18
1 8
60 23
10 23
4 21
5 23
8 11
19 21
11 19
12 13
13 47
122 195
19 18
1 2
33 16
3 16
15 31
10 13
8 13
23 20
29 57
21 64
1 7
59 21
1 17
1 1
14 17
19 21
28 17
39 31
4 25
8 15
12 11
21 32
61 52
10 27
9 13
11 19
4 13
7 10
1 76
30 23
11 27
7 10
3 5
44 39
10 13
8 29
8 19
3 13
2 11
13 27
1 16
33 17
18 13
1 7
14 13
2 13
1 1
7 11
17 44
225 1136
406 893
2713 1327
673 1918
873 841
205 481
109 181
124 133
367 527
357 412
7156 4085
305 352
109 272
331 519
1274 1345
450 337
169 529
3604 3925
1104 1027
745 284
639 773
181 657
506 79
46989 7616
285 31
61861 11802
12617 1492
21199 2247
6020 2813
46573 6362
14506 12499
12617 1492
21199 2247
6020 2813
46573 6362
14506 12499
39159 14146
2172225417 443201302
4036800997 251379033
1295465426 183533989
2727171898 149867511
2219875105 547813989
1153303708 143049719
1399653745 682956699
1515719000 149459859
2099270326 208023637
2167493361 706892378
4287433353 304888357
3143964567 222009934
6105552417 338122622
7096184437 469969642
671247196 165413677
1580877922 121090293
2438767060 121509441
2353276107 155423741
3450968919 228196079
398306856 193790113
3783874829 220031129
4902728569 305169527
1506038057 186322801
1508662094 136532857
2709712450 242706359
6548201459 1616055308
6199346761 4674782794
2836889542 912043549
3125071499 193601900
3499545671 3228872938
2260896899 149824192
745384959 355128151
3313723535 1559996691
4647231191 243330478
1188558200 190318797
2826773996 163161073
6389313927 1262164406
1446478188 158275147
1470612398 237282099
2656086287 164328272
2758177161 2101083199
2222439083 157158099
4304342518 237675503
1644015370 403315957
7939076233 439346550
1707362843 241268885
2823968497 187595059
4055551065 444589924
2964207609 411918586
3959244118 1849372473
3687464192 451996933
3295392541 810486085
2993001932 297447535
2046144620 483601197
8751481078 4269867073
8360975814 3982751665
4260434249 592017419
531596162 255230219
2558718977 836635384
426868769 366547855
4101584915 225930471
5248315539 742834495
2483759413 1210131617
4479546127 404414513
372820075 121902492
2080735479 343632334
2172225417 443201302
2137887079249 118306156204
6747176794453 600752661148
172901359804729 14345976829540
4260105725507 468713319987
71694698418021 4205052732169
110336612474242 10904925254687
105019074615 5232453697
148866107987881 9859143903289
4036800997 251379033
889819426467 110187668851
102365535879 5989786582
1295465426 183533989
11957389855 1686571534
810485696251 158635315926
2727171898 149867511
41047862373 10053479515
1379606155017 124616608099
2053128874967 185448143911
36964464947 7189541342
1901924462922271 1730558388283423
30735867488 9916661249
33692477957 10987805469
6699208505431747 1645670011998166
12657060678943 787807573312
270070597770 44523506509
168613500031623 11126323690519
2219875105 547813989
322926581703 77552027683
2222738141631 269621125937
227094311155 19029815053
5020479942583 554757625942
1153303708 143049719
16129601885758 888053794285
1399653745 682956699
64027125871 7894379359
1061440928693 55574719546
30541248741 2021379988
75586649953 5790261180
916403999608 50724327197
172007400025 28200361518
743093172277623 73921328881034
2331751304576 145041183937
3725924486174 279648961873
5996895010237 2856780919460
502352596941 38495360936
253200982072 237473677975
1515719000 149459859
2099270326 208023637
6203917090379 770692592769
887843367328077 96887453408719
61145217137 4674109442
2167493361 706892378
1540402625519 85240919936
135261562681 11220082246
20344775097 973346308
246865422473 14437109665
146587594874 13233953409
247839472944404 61117629499897
56734745869944 11225508406175
2104539847541 130544160325
1031751586095 51459269632
26083526815213 5162576413259
4287433353 304888357
3143964567 222009934
1616025619953001 146214439826378
499550859388564 41346705652441
1367785198078184 71737860663411
2309667161710363 224228832501117
658514199967 50272453852
6105552417 338122622
7096184437 469969642
671247196 165413677
24359810940625 1701091609401
3202823523997 199348505722
21179853224064 2092149339989
972301665903 57017029091
1100559938807 271583260859
1580877922 121090293
2318336911519 161831657798
2438767060 121509441
6234674883107 2042756168679
261417184986 16198713755
1903911474425 620900191933
210592666837736 93746003385775
65581444264 10835452801
2101255042545 297947447293
2353276107 155423741
3450968919 228196079
394786651321105 24521715768119
14085591539 935595410
5003870369974 452621705323
1458872229411031 90846806462652
436769367489 39495824464
227523390022 55886592563
22000358156 1360982723
89171137264704 17628547634729
27217614469 2247439531
13845788917 1521918022
319895127641878 17665168568183
1357861208423 83612576831
10570970717 4541530679
900190578409 44465948108
1496216691895 216299059302
3453805419455 342537832164
58866035386287 3259057980064
1093138071163481 64055022537785
398306856 193790113
137393363002 44984174187
98855796879925 44981731025953
310956556143 51218747696
3783874829 220031129
20960161212781 1099975182685
71784833257357 10144552069409
4902728569 305169527
16450220111 2013620055
16415793018 818242285
5268052583810 395369437829
37240768483 3369608347
15611395881 1723987933
1506038057 186322801
1257700041212 62575847111
46204924045 4173173143
1508662094 136532857
2709712450 242706359
111296519046561 7907367503063
57192306929318 4744121969195
96196801585 5593827173
2532186878793 413479271410
181834216668 29495961205
723268968787 101288213089
2373666214022749 118376838871717
1060304656609357 70457638507927
249796862059 16584697086
6548201459 1616055308
1613069203866775 80369774845579
5145186412583 355472771469
1879312827909 133506746437
6199346761 4674782794
67825086349 13303238851
151298529416 18748567553
8123189577454 1995656603039
6932387938651 1336305984753
75882386113 5013098966
93683240199 4662793139
28154212790 13255057397
95293589459538 8510649755819
45580059745 4531461289
36713644049008 2577134852243
2836889542 912043549
272386962837 14213164285
3125071499 193601900
3499545671 3228872938
2053128250514506 120269888442633
2260896899 149824192
745384959 355128151
488848914549722 40527058983217
3313723535 1559996691
224279079929702 18612074802435
1075120438389 204925608830
3973228245155 220125952829
21134474299 6765801326
367212537207685 27907837616658
50366962418159 3855915324268
413168314889949 21604520650913
1366249881305 90108577647
2517368382685219 277897944589199
489281344665493 115211936135624
1740624397985287 134750902901520
76800327991 24446854213
8152702256347347 671521341895631
9258650012750 483723211503
785779624583 39191485284
32589598961 3214302480
49671994963415 2595051254186
10166669029987 559707662464
8767127286 2863248341
73905085626499 4863303477237
14103476090689 2326806384149
4647231191 243330478
1188558200 190318797
44293333864481 2584029673794
16843218161 5187694599
13725984568437 1361338727185
211684172143111 68668081468546
1223177244731561 195845290353590
1919007847189234 118124528722581
893322525833 44124167057
41368252594 5135519125
2359244197667 234549177916
83506297830803 4164934825024
1410895921949 74031115970
450567818458970 74447096944297
266862034436 14752782427
4819023019478 790143316181
81156205837703 10074856366553
1171321024747 214713220383
116951836928243 10575834436678
6354183278223865 316921505236958
411494825989 22793318351
25537548626 3148802707
17839437283247 1775208604352
1142565288839 63131862661
541836645679183 31513647812525
58305825792 17921823713
28087156829 1555063663
2826773996 163161073
6389313927 1262164406
6779603512339836 561385483518265
4958727823703 379021408405
1446478188 158275147
4635560003523 412190159956
1470612398 237282099
2656086287 164328272
1341487670893 78407752343
559003388784902 32746879567631
344074682814 68135377375
207892082177671 12931478842063
160999481471203 8909335487650
3482236930248 431719971421
2758177161 2101083199
79044548063 38066748016
20630078040505 1142788452342
2706702263795684 141635793955345
12865311208372 1162072257049
2773685677060982 457541615576653
175796805944 19181013689
2222439083 157158099
28940871806 5728259435
62925190687783 12437487304576
28939056327940 1485440134303
4304342518 237675503
503781232502 27735214693
17229265307 1295281070
378019806970 28833806087
18079910783 2230074285
11879289860947 909748350710
48930125707 9413813322
221525836648 14576156839
3815720307049 210822853510
44825997905393 8819416640536
33971829714 2798011301
39149185315377 1946762125055
1644015370 403315957
65187744359765 26282078601027
87414018733 5415382290
699646981561146 38530947403739
561217590373 46575261231
392289337549 24028051088
7939076233 439346550
198311357054 15186363333
1707362843 241268885
269230652732587 36762151277646
114692704247 22531048961
11737417714409 889708133627
435318299020 22545882959
8498364623123 836091710306
172006147619475 33782409270398
3857374466618 425976747419
47090270943102 9591240714745
2823968497 187595059
137428235299 19849349881
4055551065 444589924
2738053344299147 339254246182743
2964207609 411918586
2259093004499716 160550422763391
13370398417 1660982257
2606767966951289 287379931700032
649951099547 49651427695
3959244118 1849372473
37635854689348 1975121765261
725307392444 58839154663
97203973498989 8795067976384
7219558574814871 449739299210562
120108742659 5989720250
311535070937 16343018957
847003030501 120145291360
11047594278111 3564872091194
819529890432995 133451311140222
252457552737305 122642625408401
9396459056 2292302351
14854532613773 1464702316485
17437294029 8438783057
45390682689 4475935921
10351304162 600373369
3687464192 451996933
152830760596775 12683187382588
12548404179 1538164526
3295392541 810486085
586219046558311 112791305918232
12185844210161 1209991413766
767481732724763 62680277757110
194964694064 32163106867
657097726305 108317442341
48968419358 46527567349
10537336699928 860418073241
2178641756953 120684612782
89393090695 8074520382
75018125067227 8235859035139
6750454896097 1104893000433
3696095268127 281629189242
2993001932 297447535
4034312721213 334210419968
140289321685 17422392549
2046144620 483601197
723814739552953 102671512465579
152226957898 9548931071
7597338975557 472994220421
242098981348044 20024570488465
205502170009 28610309032
1703199562717 99798272302
134805883994259 33150778620979
21632717329765 2889259964263
13345989660097 698768747639
8751481078 4269867073
1657065255369327 91234227131294
3597316378942 254383380319
2279116442992012 151271926110573
1332375763627 94340190611
621275016841 43940670566
220742815074 11071597787
8360975814 3982751665
228165654827039 19865056025469
4260434249 592017419
3360574956642 186127294759
183090293638347 30236602615508
55093063476917 10874480008958
232461112919 15406081856
27466637903315 3008731702668
531596162 255230219
5968396319304 424306680235
31721774055717 3461091681232
2558718977 836635384
316258808438025 31281434451379
29330938838207 1624995918886
493798877461 52362393054
661115244073039 73032013919187
9589121953377 2315278549472
4631541674880 1993276299509
204492168601 12587769154
2378056433076 376011413797
1713900974714619 89957561186786
426868769 366547855
125326040445326 8277341076981
1108937543966389 272029579551643
12842769615125 711413837249
46684657280175 4215129957656
31767664484 1860922921
14816959557 1327054792
1487862488251 82003050453
182289183473049 12973100886232
188220177986 26619089313
4101584915 225930471
2347927619365847 190499367653237
13492358272 3298730057
125988345832126 24786687235861
191728322270214 46048077293095
387289471783 38381658124
1337529767561729 74102597490063
388613054727899 23925617475333
1222929118301 172959788847
19912274439 1305407212
26573698574723 4363209490490
8047363103188 533992010359
272233923408039 26788865023181
48008052412 11776969293
23966149453 2648836838
2893430232387 286833474742
56902921195481 4040542507071
71536167142 7065934575
13539431171 962277398
2208696153379 124065905151
15514017206012 1030850443865
26983360021 2067714951
323791853664848 21511130763141
1109246664118 61300009469
898910681689 437264119756
32250758137 2672780719
58789211151 7300847201
12823800413673 793291887860
6490808745802 461581210331
38947647607 8686034262
914470572949907 75178738057006
148727358861 8596520903
862298062462 169859596537
3649712797731274 354795175597587
61022461546540 6059145294529
35853802945956 33625459959557
720227008853 141872510202
5248315539 742834495
1153084142491118 87951414986259
12157618854 989460203
461893999718269 35360828265475
47853248200 15221080861
2483759413 1210131617
4479546127 404414513
6827885275979 399518563239
656706492009065 32749700146794
257208577961 28898051449
372820075 121902492
51972324230173 3040102074457
8176160481898 541123349143
199362381285453 13077290975848
138882246807 125107520795
2080735479 343632334
50075735809617 6214067934758
603423041091718 42771237045917
55467901607 6873489585
1009810257897 959545964399
1287903743497 64235124301
932183277556209 48557056391392
862128804076 61324210729
41232869848294 2566396413641
660737187072668 136645688482491
1084040186782979 334733141824307
9230030560470139 541272655405086
9928108943 1630170092
5519065426497839 455727863433026
1101510431793547 136790549151444
4098583755498425 292281761652244
235806114828664742 5012081895862999
4687807014421498 129819569843809
6867185672617317 207764299637648
465993664087048435 12246896433419743
111909978773825358 13803229875072487
15401152149803551 512715345259894
962860544408209986 27493249379496863
777435140002653977 16891815556962734
8007378093146683 1587139797057526
34261162827525043 5685273609822560
5621578645821233 556194967167974
589684442593389214 26776254880588833
5073844777421311 460368784849212
41936498191395554 1993502725562433
41397476957494711 2426237552187600
20567182981488643 2269536348090158
38575210037216710 4267189621815957
24096280158824577 587402900782046
29067216147217285 3222234909048493
48551277905461843 6904108372654576
30859438426765647 1141800246118121
695712412593292782 25455739053762997
5862655535724412 201398267037055
9559867089538471 414788547504891
5306168409665616 176728944709729
77804914770363301 2159819873359300
7042014200909653 201072828835180
122913940905503401 3967474108279010
293786203124832511 7520947077001884
7525374204635373 278931329001448
1919818268571063 307593039412261
826034309029087156 26617732873899853
30883010586465850 1927045278617601
7389205493136158 490893581881573
14628922242140832 1332372516904069
235949002718124229 8730973160904284
13919245672484456 1072543341580651
5867904247747007 1167893689020158
40682696799503205 2523197662725874
5144537796149298 131743983145321
33018796568123891 1611135032523356
101117045883530841 2659486871891600
44367319617907990 38838252650891377
4052936463890376 1337067732422981
55523987292746173 2219071774166909
9153374392474819 269009102501434
424505084772552233 32462510478447853
303616680111864026 14440321615281849
2187184685637005 134608514787287
147038444859952787 13218967146046973
15610786391559367 1393935399549893
69544451000301823 1448050443127039
61125383730207532 3049924590360773
4030652920877789 286827306283446
110805299874000373 5235044779343968
413828615483118547 8713188476873759
326688975931608273 14104903907657263
713159961129016887 30968523790032052
16070250478170205 410565010763554
488136004135262554 17374260473332377
39408074685016973 1156477533968434
1922644226955089 147381218752774
20176598247614413 1437083915364974
4572897114733554 560016606137543
135530686529322523 3863872123617111
6841003965824510 758423359736207
1452864352448071 717468678662511
411572669630105939 15230320982236355
465993664087048435 12246896433419743
111909978773825358 13803229875072487
962860544408209986 27493249379496863
777435140002653977 16891815556962734
589684442593389214 26776254880588833
695712412593292782 25455739053762997
826034309029087156 26617732873899853
44367319617907990 38838252650891377
424505084772552233 32462510478447853
303616680111864026 14440321615281849
147038444859952787 13218967146046973
326688975931608273 14104903907657263
713159961129016887 30968523790032052
488136004135262554 17374260473332377
411572669630105939 15230320982236355
94840790746517702 23559264632810757
362104546865945207 19018142847441832
346211240291423043 49299048793181015
123319546616652236 12273568204020555
76433958105132843 37646923285475000
653038544279082018 13593266419602701
345949337506698649 38275410377395166
964242196272794108 20372629455704203
77156358849149006 38052105072662039
341497625297776671 318867984393451462
900421689871202049 35986257256560097
365058728121974816 90636711432290181
398397593740084193 11051293239116395
493884593326217783 12654699409877009
874081389143494741 39694901822089144
561759966762052552 111361870012992431
541611769502502816 13531854369925559
296669803935542918 58774766992806687
398159039227690196 44107517673919173
715318103360021504 19322518048307675
452325779974575871 22559946495089947
240785330439468673 11417170896702993
839625105182857711 55895786761846713
441817884402958858 10768097740804851
55308646062256917 52690365638592109
152506245977056901 16894431805933478
238923680103254668 14881290787348439
252485692133110492 21001604065868507
695870945946999617 16557156147993035
711185882269817131 476471896497708893
380403317782801347 23655311026419319
314124971492984022 52177139116403909
495537238172740291 18335832441890993
306539414861209726 61024181047798393
343363563417646846 331928691803878737
245693474175061769 118305474525763462
424526515253465707 13255840706116821
288837185799297403 47762451898666850
100768129719167576 33148306466172685
132259678611868300 65352298150887779
63968251146313373 20562988965425120
226869026031947948 11816773920744739
564171005756972032 92114331495429959
94559927321770797 92669516026935518
126038131526604191 41723089740804270
237026631189391348 58527340847394031
35326324824688098 11661249442920049
573827180634836187 20462084444889265
120904415513615841 114955670699632622
905169328559927228 75040471438293685
601000119782614747 14298903385649617
546434418885923215 32032492202065942
924828184865387223 35541250906240495
542244494994150781 21667575609196558
284846361089822038 10927707764433159
554238285081849328 24057183630311969
879447562574833285 117433222117849532
955067590717692805 32908209892376024
1250582749545562107 73450121033637646
138038882042089282 45674807365609599
335075540598166454 15005380999391041
681336764365925617 15467522276582911
905503670010323535 32314964788666519
792277729282090338 56482325034500767
597244777251685075 33112196303129242
70940050864583107 69333839181725568
370062461661008272 36924234673956277
835937499440490159 28802874219076072
543187603867346267 41710878312979802
71282318904481457 23422096432345325
527986288591645729 13822162305673503
266617796610528816 20404632865006211
12435611060183381 12187036844540902
305708142868409897 25413428106293365
224092088652145983 27891379549636421
554448657184195729 26313190157952908
513978553727 15563166101
485266400737137 13088484544636
139364093778515171 4094808671489151
7786384046 1461298133
523451185654926 74120102127731
37269371539658 953883507569
164871817045 41668711533
225445166520462604 24168961168228143
509324395351 45711886300
9193309186 593824177
13348127500022045 512353875118323
2863874886786 472406855789
256287628977 14214995780
485632078398 22026573293
3705679170560 243968912409
113789141945 16140449926
1659972537638637 329997160376555
816916853698465 402183608678719
53192010044 3790710535
15077000117 4641535763
596441825086531 98389992767308
429294818528374 14739998321435
14390588373 6647419150
31592508215 928055278
9413453160166766 247551157692955
632508717526949365 21050332057774776
1771716090194698 44250622567805
15862035042 831956695
280790218550 11219493779
29084179031 3221361050
48360654719774483 2840352181014920
2069238780646 58934840045
65198108681313 16144620042092
46572543559 2112919288
53705868426809 1849651139415
2393502960968282 85104796286855
58231569536 1817844663
1191711089441625 56480112169336
37098769021282 2179002318917
988941868526677 49243123923901
1546823505502387 53216636640842
84006305180883 3356187719518
2647416644651713 73249888880222
50629437950 1743283697
724014270114845 119839062110921
811436610523570983 19855831381707341
95592233532591 10247246822723
20438656001 6706682537
363699724875643781 12971481486894267
74961360152048 3546022661663
424115692350568 14460834539733
21933538529661629 912378435636007
4722797929857 147236826668
498851912824 15354104925
28316382878250 2553206412161
8131757160229 898542896050
4017626199711551 102753830915056
11582676686 384498175
45353286573205101 1257993352096168
20722598787048266 861811453381863
18990191751472151 612006745956955
1174809187071343 30879145222750
608861318406699 75757277733082
483618013839 116089109266
74968550669 5712195676
148253551582 6723537099
229515542331212183 8491846987989165
785675725289095 26164297839236
21144017257 6958906895
589334953783039 39218423803223
3299245977099 1625027893786
301346183474 8603305211
93457548529087 3219212299677
898186958050079 42686603011137
142573475716318 4569904199605
10704994692863071 368561001631449
4060655221254087 135034337104547
3149222849 142966159
88234767098112365 3402327620665739
164637308861737 5140198054767
10792500097523713 359451080857560
647886704737 25886729325
3760754809589 101489889687
6899283908841 255151548583
218696547750509 35699449627166
35098793406106830 3886025647015847
1964628962 319938013
439636691549586 48512782137823
18665980807 548586041
551299262035672616 100354195960964439
62772715174 10400485553
5692473447880625 167281231299551
7058619394546639 350452967076449
19762418587219 1159253926724
638527329722074642 69666999431431801
31538146491427022 2239455895989595
933495608157285783 25907397455438495
6230973443964818 270606207427083
488718918102099 12197679910066
332851327088 162565774247
138349303073092603 12307087977052525
16588539161805331 448002848611244
71097622776739 11786488497847
22092993348065158 1001425436141735
50080003121 16511375389
734507757520153074 86566596834039551
32281951063 5334706676
1720761043866353 95408802171283
127517397001576842 3344678194004293
1485805227460 70566552199
92492492072125689 4382419596112729
1515382724631 43256836987
3368024854125195 555186514157189
153921478601934469 4520466744657492
8971273831 813576275
2154520536602483 82752633927703
282314548745 18766691066
2934481313761 86114094056
498971094391232230 22618337009079093
72323585837 2391536344
60670652654384580 2090291971534909
455437595707171173 28407656307549151
5324717091331883 279839479489835
2347349551 178853808
12192418567963816 640548104580585
31227956171 2226597444
5332897345377206 663013178398833
15194812967 1671469260
6816169933105827 173667242514146
428888941682981433 70968703628680550
7555104130 2479091821
4163064605981607 193718817562211
31854944172178 813347765695
121982707063860073 3807862709583944
4102944651 120527383
91248932071 17338808134
189997176612 82467411679
59335017462127331 18169019038714591
21200050523071353 17892052795978013
13399250348688210 5800181111956061
4536272084561 3681886670851
1849722645649 341653834204
908686347 698020067
637618163218916 123277861533053
35790593932913063 30158770106268582
727178255 219364109
1374605194568630 329543362344597
4084559715774877 3298015324510066
6221576466591729 1180441029013699
16465834552873 3928806642203
1010975381315517 820563765884062
21043436777981223 6495459890365289
202737457802709797 90564396111379742
117699058210363 81255032165058
6503781318338 1475752967943
142615208988764833 26952828701133020
1081192743369123 338838990961850
812452135007727232 628098198507250149
49268014600316635 11708262297649473
9373890956323 2896764727409
1343906976859 282259412972
39500620493939707 33201156242160411
33154395737 7826952516
141368698341390589 33718260654277763
11610994561144133 2244883796346785
63360169181 10940429721
567911858046663197 132411653536650695
117953468013 26459649527
36357930860 30097187369
156706950956111093 30303305946377098
11617172181 8947762702
161751962889 50691792628
16182853471865617 5072885074599590
7455795082672199 2775069652882025
1055324476728 182962293769
8193217856235 1525888388303
317803414148 144925903359
750419505372267239 581880671925085636
3187694320 574290521
575196847456938069 137337091829313155
21043436777981223 6495459890365289
202737457802709797 90564396111379742
117699058210363 81255032165058
6503781318338 1475752967943
142615208988764833 26952828701133020
1081192743369123 338838990961850
812452135007727232 628098198507250149
49268014600316635 11708262297649473
9373890956323 2896764727409
1343906976859 282259412972
39500620493939707 33201156242160411
33154395737 7826952516
141368698341390589 33718260654277763
11610994561144133 2244883796346785
63360169181 10940429721
567911858046663197 132411653536650695
117953468013 26459649527
36357930860 30097187369
156706950956111093 30303305946377098
11617172181 8947762702
161751962889 50691792628
16182853471865617 5072885074599590
7455795082672199 2775069652882025
1055324476728 182962293769
8193217856235 1525888388303