2
3
5
8
13
21
34
55
89
144
233
377
610
987
1597
2584
4181
6765
10946
17711
28657
46368
75025
121393
196418
317811
514229
832040
1346269
2178309
571451346
25865482
860195008
437300389
830330295
107725797
971907532
91683991
58855252
879053727
99807659
993719199
748864276
727702205
915372347
712718685
474971169
516392558
958342008
609035386
280024595
613270488
362949025
735256085
727216619
600746467
933986456
972306259
913696751
108631536
234551011
88841149
309574143
25287160
318886153
850948368
769486365
912577218
104446065
705389268
340508467
264020351
112573985
997452542
314270795
862008301
423697815
592761789
58158800
334807168
314538393
995654277
435631278
696597114
600805115
682073254
355166260
803694611
570621352
2127228
607656866
510245840
615162780
272807606
906394756
738816164
352298522
333294059
605934105
614205545