20
157
0
173
401117
356340
115047
96731
445681
176985
460226
25293
386136
347259
98628
232027
270240
121559
184573
211485
299982
31989
298559
133052
233725993
454892444
109725389
639870871
310747353
774375182
1094093682
819264275
704337992
700041974
938962863
498049219
985152832
1388631199
719697380
90094926
426235455
30818769
1266687219
300668731
283358687
228408728
1151247760
555897595
919288064
454861994
595583768
374688171
1214884235
446577399
466049736
728822090
4721113
914770135
312000348
300074967
177441318
190171883
839915669
1135644083
4540077830582
16458202020812
11534054521684
12439203911724
19984716705494
4029242660737
17551047154992
3963018908599
7630235327029
13657232105850
9000733377929
20138644540293
5761695569526
23273436170350
10431168701318
15887487838044
287698598906
7241750556030
9407703223971
27283498923805
29026082970118
43373989449136
25077691427286
42897416364138
74947035898910
18423277671436
13419171794740
26460051332368
64258758806299
31560397455784
40415848095941
27229927677901
55234316293154
135606657129498
109128549476149
455890627979434